===============================================================
                 LDM AROMATICITY ANALYSIS REPORT
===============================================================
 Input LDM file      : Acenaphtylene_6-311+Gdp_rho_ldm.dat
 Input DIST file     : Acenaphtylene_6-311+Gdp_rho_dist.dat
 Output file         : Acenaphtylene_6-311+Gdp_rho_ldm.LDM
 Reference type      : EG
 epsilon_O           : 0.583333
 epsilon_P           : 0.166667
 epsilon_M           : 0.083333
 N_A                 : 6.000000
 lambda (benzene EG) : 4.500000
 lambda formula      : lambda = N_A - somme(hors-diagonale ligne)
===============================================================

 Détection automatique des carbones
 ------------------------------
 Atome   1 | C | voisins = 3 | type = sp2     | rayon = 0.73 Å
 Atome   2 | C | voisins = 3 | type = sp2     | rayon = 0.73 Å
 Atome   3 | C | voisins = 3 | type = sp2     | rayon = 0.73 Å
 Atome   4 | C | voisins = 3 | type = sp2     | rayon = 0.73 Å
 Atome   5 | C | voisins = 3 | type = sp2     | rayon = 0.73 Å
 Atome   6 | C | voisins = 3 | type = sp2     | rayon = 0.73 Å
 Atome   7 | C | voisins = 3 | type = sp2     | rayon = 0.73 Å
 Atome   8 | C | voisins = 3 | type = sp2     | rayon = 0.73 Å
 Atome   9 | C | voisins = 3 | type = sp2     | rayon = 0.73 Å
 Atome  10 | C | voisins = 3 | type = sp2     | rayon = 0.73 Å
 Atome  11 | C | voisins = 3 | type = sp2     | rayon = 0.73 Å
 Atome  12 | C | voisins = 3 | type = sp2     | rayon = 0.73 Å

 Connectivité détectée
 ------------------------------
 Atome   1 -> voisins : [2, 11, 13]
 Atome   2 -> voisins : [1, 3, 14]
 Atome   3 -> voisins : [2, 4, 15]
 Atome   4 -> voisins : [3, 5, 12]
 Atome   5 -> voisins : [4, 6, 16]
 Atome   6 -> voisins : [5, 7, 17]
 Atome   7 -> voisins : [6, 8, 18]
 Atome   8 -> voisins : [7, 9, 12]
 Atome   9 -> voisins : [8, 10, 19]
 Atome  10 -> voisins : [9, 11, 20]
 Atome  11 -> voisins : [1, 10, 12]
 Atome  12 -> voisins : [4, 8, 11]
 Atome  13 -> voisins : [1]
 Atome  14 -> voisins : [2]
 Atome  15 -> voisins : [3]
 Atome  16 -> voisins : [5]
 Atome  17 -> voisins : [6]
 Atome  18 -> voisins : [7]
 Atome  19 -> voisins : [9]
 Atome  20 -> voisins : [10]

 Cycles détectés automatiquement
 ------------------------------
 Cycle  1 | type = ELEMENTAIRE   | taille = 5  | indices = [8, 9, 10, 11, 12] | origine = AUTO        | cordes = 0  | statut = TRAITE
 Cycle  2 | type = ELEMENTAIRE   | taille = 6  | indices = [1, 2, 3, 4, 12, 11] | origine = AUTO        | cordes = 0  | statut = TRAITE
 Cycle  3 | type = ELEMENTAIRE   | taille = 6  | indices = [4, 5, 6, 7, 8, 12] | origine = AUTO        | cordes = 0  | statut = TRAITE
 Cycle  4 | type = PERIPHERAL    | taille = 9  | indices = [1, 2, 3, 4, 12, 8, 9, 10, 11] | origine = AUTO        | cordes = 1  | statut = TRAITE
 Cycle  5 | type = PERIPHERAL    | taille = 9  | indices = [4, 5, 6, 7, 8, 9, 10, 11, 12] | origine = AUTO        | cordes = 1  | statut = TRAITE
 Cycle  6 | type = PERIPHERAL    | taille = 10 | indices = [1, 2, 3, 4, 5, 6, 7, 8, 12, 11] | origine = AUTO        | cordes = 1  | statut = TRAITE
 Cycle  7 | type = ELEMENTAIRE   | taille = 11 | indices = [1, 2, 3, 4, 5, 6, 7, 8, 9, 10, 11] | origine = AUTO        | cordes = 0  | statut = TRAITE


===============================================================
 Cycle number        : 1
 Cycle type          : ELEMENTAIRE
 Cycle size          : 5
 Cycle indices       : [8, 9, 10, 11, 12]
 Cycle status        : TRAITE
 Cycle origin        : AUTO
 N_pi reference      : 3
 Number of orbits    : 2
 Lambda              : 4.400000
 Symmetric submatrix : True
 Max asymmetry       : 0.000000e+00

REAL LDM SUBMATRIX
------------------------------
 3.908100 0.548700 0.039400 0.032200 0.593900
 0.548700 4.002000 0.822500 0.039400 0.036500
 0.039400 0.822500 4.002000 0.548700 0.036500
 0.032200 0.039400 0.548700 3.908100 0.593900
 0.593900 0.036500 0.036500 0.593900 3.909700

REFERENCE MATRIX (5x5)
------------------------------
 4.400000 0.650000 0.150000 0.150000 0.650000
 0.650000 4.400000 0.650000 0.150000 0.150000
 0.150000 0.650000 4.400000 0.650000 0.150000
 0.150000 0.150000 0.650000 4.400000 0.650000
 0.650000 0.150000 0.150000 0.650000 4.400000

DIFFERENCE MATRIX : DELTA = REAL - REFERENCE
------------------------------
 -0.491900 -0.101300 -0.110600 -0.117800 -0.056100
 -0.101300 -0.398000 0.172500 -0.110600 -0.113500
 -0.110600 0.172500 -0.398000 -0.101300 -0.113500
 -0.117800 -0.110600 -0.101300 -0.491900 -0.056100
 -0.056100 -0.113500 -0.113500 -0.056100 -0.490300

DISTANCES AND CONTRIBUTIONS
------------------------------
 Frobenius distance (full) : 1.132472
 Diagonal contribution     : 1.020359
 Off-diagonal contribution : 0.491284
 RMS matricielle           : 0.226494
 RMS hors diagonale        : 0.109854
 Final rank                : 1

Q WEIGHTED ANALYSIS
------------------------------
 Q Frobenius offdiag       : 0.285151
 Q RMS offdiag             : 0.063762

CHARGE TRANSFER ANALYSIS
------------------------------
 N_ref cycle               : 30.000000
 Population real (trace)   : 19.729900
 CT absolute               : -10.270100
 CT relative (%)           : -34.233667

AROMATIC HOMOGENEITY INDEX
------------------------------
 Number of unique pairs    : 10
 S_cycle_hom               : 0.428790

Q ANALYSIS
------------------------------
 Q Frobenius offdiag         : 0.285151
 Q RMS offdiag              : 0.063762

CHARGE TRANSFER ANALYSIS
------------------------------
 N_ref cycle                : 30.000000
 Population real (trace)    : 19.729900
 CT absolute                : -10.270100
 CT relative (%)            : -34.233667

HOMOGENEITY ANALYSIS BY ORBIT
------------------------------
 Orbit       n pairs          S_orb          sigma            H_k
 ----------------------------------------------------------------------
 ortho             5       0.883423       0.119483       0.880863
 meta              5       0.084983       0.005970       0.934364

DETAIL OF x_ij = LDM_ij * r_ij BY ORBIT
------------------------------
 Orbit      Pair                     x_ij
 -------------------------------------------------
 ortho      (8, 9)               0.807954
 ortho      (8, 12)              0.840286
 ortho      (9, 10)              1.120633
 ortho      (10, 11)             0.807954
 ortho      (11, 12)             0.840286
 meta       (8, 10)              0.090960
 meta       (8, 11)              0.074722
 meta       (9, 11)              0.090960
 meta       (9, 12)              0.084136
 meta       (10, 12)             0.084136

 Corrected orbit-homogeneity index (S_hom) : 0.428790

ORBIT SUMMARY
------------------------------
 Orbit       n pairs     Ref. val    Mean real     Contrib.
 --------------------------------------------------------------
 ortho             5     0.650000     0.621540     0.237853
 meta              5     0.150000     0.036800     0.253192

ORBIT HOMOGENEITY SUMMARY
------------------------------
 Orbit       n pairs        S_orb        sigma            H
 ------------------------------------------------------------
 ortho             5     0.883423     0.119483     0.880863
 meta              5     0.084983     0.005970     0.934364

DETAILED ORBIT PAIR TABLE
------------------------------
 Orbit      Pair                   Real    Reference   Difference
 ----------------------------------------------------------------
 ortho      (8, 9)             0.548700     0.650000    -0.101300
 ortho      (8, 12)            0.593900     0.650000    -0.056100
 ortho      (9, 10)            0.822500     0.650000     0.172500
 ortho      (10, 11)           0.548700     0.650000    -0.101300
 ortho      (11, 12)           0.593900     0.650000    -0.056100
 meta       (8, 10)            0.039400     0.150000    -0.110600
 meta       (8, 11)            0.032200     0.150000    -0.117800
 meta       (9, 11)            0.039400     0.150000    -0.110600
 meta       (9, 12)            0.036500     0.150000    -0.113500
 meta       (10, 12)           0.036500     0.150000    -0.113500

===============================================================
 Cycle number        : 3
 Cycle type          : ELEMENTAIRE
 Cycle size          : 6
 Cycle indices       : [4, 5, 6, 7, 8, 12]
 Cycle status        : TRAITE
 Cycle origin        : AUTO
 N_pi reference      : 3
 Number of orbits    : 3
 Lambda              : 4.500000
 Symmetric submatrix : True
 Max asymmetry       : 0.000000e+00

REAL LDM SUBMATRIX
------------------------------
 3.854000 0.616400 0.033200 0.027800 0.026300 0.635100
 0.616400 3.991000 0.746400 0.035100 0.044800 0.031600
 0.033200 0.746400 3.963700 0.644300 0.034100 0.032100
 0.027800 0.035100 0.644300 3.991000 0.718400 0.033600
 0.026300 0.044800 0.034100 0.718400 3.908100 0.593900
 0.635100 0.031600 0.032100 0.033600 0.593900 3.909700

REFERENCE MATRIX (6x6)
------------------------------
 4.500000 0.583333 0.083333 0.166667 0.083333 0.583333
 0.583333 4.500000 0.583333 0.083333 0.166667 0.083333
 0.083333 0.583333 4.500000 0.583333 0.083333 0.166667
 0.166667 0.083333 0.583333 4.500000 0.583333 0.083333
 0.083333 0.166667 0.083333 0.583333 4.500000 0.583333
 0.583333 0.083333 0.166667 0.083333 0.583333 4.500000

DIFFERENCE MATRIX : DELTA = REAL - REFERENCE
------------------------------
 -0.646000 0.033067 -0.050133 -0.138867 -0.057033 0.051767
 0.033067 -0.509000 0.163067 -0.048233 -0.121867 -0.051733
 -0.050133 0.163067 -0.536300 0.060967 -0.049233 -0.134567
 -0.138867 -0.048233 0.060967 -0.509000 0.135067 -0.049733
 -0.057033 -0.121867 -0.049233 0.135067 -0.591900 0.010567
 0.051767 -0.051733 -0.134567 -0.049733 0.010567 -0.590300

DISTANCES AND CONTRIBUTIONS
------------------------------
 Frobenius distance (full) : 1.470573
 Diagonal contribution     : 1.386324
 Off-diagonal contribution : 0.490603
 RMS matricielle           : 0.245096
 RMS hors diagonale        : 0.089571
 Final rank                : 2

Q WEIGHTED ANALYSIS
------------------------------
 Q Frobenius offdiag       : 0.270545
 Q RMS offdiag             : 0.049394

CHARGE TRANSFER ANALYSIS
------------------------------
 N_ref cycle               : 36.000000
 Population real (trace)   : 23.617500
 CT absolute               : -12.382500
 CT relative (%)           : -34.395833

AROMATIC HOMOGENEITY INDEX
------------------------------
 Number of unique pairs    : 15
 S_cycle_hom               : 0.389894

Q ANALYSIS
------------------------------
 Q Frobenius offdiag         : 0.270545
 Q RMS offdiag              : 0.049394

CHARGE TRANSFER ANALYSIS
------------------------------
 N_ref cycle                : 36.000000
 Population real (trace)    : 23.617500
 CT absolute                : -12.382500
 CT relative (%)            : -34.395833

HOMOGENEITY ANALYSIS BY ORBIT
------------------------------
 Orbit       n pairs          S_orb          sigma            H_k
 ----------------------------------------------------------------------
 ortho             6       0.924177       0.066761       0.932629
 meta              6       0.078480       0.006616       0.922250
 para              3       0.097952       0.020672       0.825736

DETAIL OF x_ij = LDM_ij * r_ij BY ORBIT
------------------------------
 Orbit      Pair                     x_ij
 -------------------------------------------------
 ortho      (4, 5)               0.878578
 ortho      (4, 12)              0.885605
 ortho      (5, 6)               1.032156
 ortho      (6, 7)               0.917664
 ortho      (7, 8)               0.990775
 ortho      (8, 12)              0.840286
 meta       (4, 6)               0.080718
 meta       (4, 8)               0.065510
 meta       (5, 7)               0.086403
 meta       (5, 12)              0.075552
 meta       (6, 8)               0.082247
 meta       (7, 12)              0.080453
 para       (4, 7)               0.079518
 para       (5, 8)               0.126819
 para       (6, 12)              0.087518

 Corrected orbit-homogeneity index (S_hom) : 0.389894

ORBIT SUMMARY
------------------------------
 Orbit       n pairs     Ref. val    Mean real     Contrib.
 --------------------------------------------------------------
 ortho             6     0.583333     0.659083     0.228988
 meta              6     0.083333     0.032317     0.125165
 para              3     0.166667     0.034900     0.228569

ORBIT HOMOGENEITY SUMMARY
------------------------------
 Orbit       n pairs        S_orb        sigma            H
 ------------------------------------------------------------
 ortho             6     0.924177     0.066761     0.932629
 meta              6     0.078480     0.006616     0.922250
 para              3     0.097952     0.020672     0.825736

DETAILED ORBIT PAIR TABLE
------------------------------
 Orbit      Pair                   Real    Reference   Difference
 ----------------------------------------------------------------
 ortho      (4, 5)             0.616400     0.583333     0.033067
 ortho      (4, 12)            0.635100     0.583333     0.051767
 ortho      (5, 6)             0.746400     0.583333     0.163067
 ortho      (6, 7)             0.644300     0.583333     0.060967
 ortho      (7, 8)             0.718400     0.583333     0.135067
 ortho      (8, 12)            0.593900     0.583333     0.010567
 meta       (4, 6)             0.033200     0.083333    -0.050133
 meta       (4, 8)             0.026300     0.083333    -0.057033
 meta       (5, 7)             0.035100     0.083333    -0.048233
 meta       (5, 12)            0.031600     0.083333    -0.051733
 meta       (6, 8)             0.034100     0.083333    -0.049233
 meta       (7, 12)            0.033600     0.083333    -0.049733
 para       (4, 7)             0.027800     0.166667    -0.138867
 para       (5, 8)             0.044800     0.166667    -0.121867
 para       (6, 12)            0.032100     0.166667    -0.134567

===============================================================
 Cycle number        : 2
 Cycle type          : ELEMENTAIRE
 Cycle size          : 6
 Cycle indices       : [1, 2, 3, 4, 12, 11]
 Cycle status        : TRAITE
 Cycle origin        : AUTO
 N_pi reference      : 3
 Number of orbits    : 3
 Lambda              : 4.500000
 Symmetric submatrix : True
 Max asymmetry       : 0.000000e+00

REAL LDM SUBMATRIX
------------------------------
 3.990900 0.644300 0.035100 0.027800 0.033600 0.718400
 0.644300 3.963700 0.746400 0.033200 0.032100 0.034100
 0.035100 0.746400 3.991000 0.616400 0.031600 0.044800
 0.027800 0.033200 0.616400 3.854000 0.635100 0.026300
 0.033600 0.032100 0.031600 0.635100 3.909700 0.593900
 0.718400 0.034100 0.044800 0.026300 0.593900 3.908100

REFERENCE MATRIX (6x6)
------------------------------
 4.500000 0.583333 0.083333 0.166667 0.083333 0.583333
 0.583333 4.500000 0.583333 0.083333 0.166667 0.083333
 0.083333 0.583333 4.500000 0.583333 0.083333 0.166667
 0.166667 0.083333 0.583333 4.500000 0.583333 0.083333
 0.083333 0.166667 0.083333 0.583333 4.500000 0.583333
 0.583333 0.083333 0.166667 0.083333 0.583333 4.500000

DIFFERENCE MATRIX : DELTA = REAL - REFERENCE
------------------------------
 -0.509100 0.060967 -0.048233 -0.138867 -0.049733 0.135067
 0.060967 -0.536300 0.163067 -0.050133 -0.134567 -0.049233
 -0.048233 0.163067 -0.509000 0.033067 -0.051733 -0.121867
 -0.138867 -0.050133 0.033067 -0.646000 0.051767 -0.057033
 -0.049733 -0.134567 -0.051733 0.051767 -0.590300 0.010567
 0.135067 -0.049233 -0.121867 -0.057033 0.010567 -0.591900

DISTANCES AND CONTRIBUTIONS
------------------------------
 Frobenius distance (full) : 1.470608
 Diagonal contribution     : 1.386361
 Off-diagonal contribution : 0.490603
 RMS matricielle           : 0.245101
 RMS hors diagonale        : 0.089571
 Final rank                : 3

Q WEIGHTED ANALYSIS
------------------------------
 Q Frobenius offdiag       : 0.270545
 Q RMS offdiag             : 0.049394

CHARGE TRANSFER ANALYSIS
------------------------------
 N_ref cycle               : 36.000000
 Population real (trace)   : 23.617400
 CT absolute               : -12.382600
 CT relative (%)           : -34.396111

AROMATIC HOMOGENEITY INDEX
------------------------------
 Number of unique pairs    : 15
 S_cycle_hom               : 0.389894

Q ANALYSIS
------------------------------
 Q Frobenius offdiag         : 0.270545
 Q RMS offdiag              : 0.049394

CHARGE TRANSFER ANALYSIS
------------------------------
 N_ref cycle                : 36.000000
 Population real (trace)    : 23.617400
 CT absolute                : -12.382600
 CT relative (%)            : -34.396111

HOMOGENEITY ANALYSIS BY ORBIT
------------------------------
 Orbit       n pairs          S_orb          sigma            H_k
 ----------------------------------------------------------------------
 ortho             6       0.924177       0.066761       0.932629
 meta              6       0.078480       0.006616       0.922250
 para              3       0.097952       0.020672       0.825736

DETAIL OF x_ij = LDM_ij * r_ij BY ORBIT
------------------------------
 Orbit      Pair                     x_ij
 -------------------------------------------------
 ortho      (1, 2)               0.917664
 ortho      (1, 11)              0.990775
 ortho      (2, 3)               1.032156
 ortho      (3, 4)               0.878578
 ortho      (4, 12)              0.885605
 ortho      (11, 12)             0.840286
 meta       (1, 3)               0.086403
 meta       (1, 12)              0.080453
 meta       (2, 4)               0.080718
 meta       (2, 11)              0.082247
 meta       (3, 12)              0.075552
 meta       (4, 11)              0.065510
 para       (1, 4)               0.079518
 para       (2, 12)              0.087518
 para       (3, 11)              0.126819

 Corrected orbit-homogeneity index (S_hom) : 0.389894

ORBIT SUMMARY
------------------------------
 Orbit       n pairs     Ref. val    Mean real     Contrib.
 --------------------------------------------------------------
 ortho             6     0.583333     0.659083     0.228988
 meta              6     0.083333     0.032317     0.125165
 para              3     0.166667     0.034900     0.228569

ORBIT HOMOGENEITY SUMMARY
------------------------------
 Orbit       n pairs        S_orb        sigma            H
 ------------------------------------------------------------
 ortho             6     0.924177     0.066761     0.932629
 meta              6     0.078480     0.006616     0.922250
 para              3     0.097952     0.020672     0.825736

DETAILED ORBIT PAIR TABLE
------------------------------
 Orbit      Pair                   Real    Reference   Difference
 ----------------------------------------------------------------
 ortho      (1, 2)             0.644300     0.583333     0.060967
 ortho      (1, 11)            0.718400     0.583333     0.135067
 ortho      (2, 3)             0.746400     0.583333     0.163067
 ortho      (3, 4)             0.616400     0.583333     0.033067
 ortho      (4, 12)            0.635100     0.583333     0.051767
 ortho      (11, 12)           0.593900     0.583333     0.010567
 meta       (1, 3)             0.035100     0.083333    -0.048233
 meta       (1, 12)            0.033600     0.083333    -0.049733
 meta       (2, 4)             0.033200     0.083333    -0.050133
 meta       (2, 11)            0.034100     0.083333    -0.049233
 meta       (3, 12)            0.031600     0.083333    -0.051733
 meta       (4, 11)            0.026300     0.083333    -0.057033
 para       (1, 4)             0.027800     0.166667    -0.138867
 para       (2, 12)            0.032100     0.166667    -0.134567
 para       (3, 11)            0.044800     0.166667    -0.121867

===============================================================
 Cycle number        : 5
 Cycle type          : PERIPHERAL
 Cycle size          : 9
 Cycle indices       : [4, 5, 6, 7, 8, 9, 10, 11, 12]
 Cycle status        : TRAITE
 Cycle origin        : AUTO
 N_pi reference      : 5
 Number of orbits    : 4
 Lambda              : 4.444444
 Symmetric submatrix : True
 Max asymmetry       : 0.000000e+00

REAL LDM SUBMATRIX
------------------------------
 3.854000 0.616400 0.033200 0.027800 0.026300 0.006300 0.006300 0.026300 0.635100
 0.616400 3.991000 0.746400 0.035100 0.044800 0.003300 0.013800 0.005400 0.031600
 0.033200 0.746400 3.963700 0.644300 0.034100 0.005200 0.003500 0.002800 0.032100
 0.027800 0.035100 0.644300 3.991000 0.718400 0.027000 0.026900 0.012900 0.033600
 0.026300 0.044800 0.034100 0.718400 3.908100 0.548700 0.039400 0.032200 0.593900
 0.006300 0.003300 0.005200 0.027000 0.548700 4.002000 0.822500 0.039400 0.036500
 0.006300 0.013800 0.003500 0.026900 0.039400 0.822500 4.002000 0.548700 0.036500
 0.026300 0.005400 0.002800 0.012900 0.032200 0.039400 0.548700 3.908100 0.593900
 0.635100 0.031600 0.032100 0.033600 0.593900 0.036500 0.036500 0.593900 3.909700

REFERENCE MATRIX (9x9)
------------------------------
 4.444444 0.569444 0.069444 0.069444 0.069444 0.069444 0.069444 0.069444 0.569444
 0.569444 4.444444 0.569444 0.069444 0.069444 0.069444 0.069444 0.069444 0.069444
 0.069444 0.569444 4.444444 0.569444 0.069444 0.069444 0.069444 0.069444 0.069444
 0.069444 0.069444 0.569444 4.444444 0.569444 0.069444 0.069444 0.069444 0.069444
 0.069444 0.069444 0.069444 0.569444 4.444444 0.569444 0.069444 0.069444 0.569444
 0.069444 0.069444 0.069444 0.069444 0.569444 4.444444 0.569444 0.069444 0.069444
 0.069444 0.069444 0.069444 0.069444 0.069444 0.569444 4.444444 0.569444 0.069444
 0.069444 0.069444 0.069444 0.069444 0.069444 0.069444 0.569444 4.444444 0.569444
 0.569444 0.069444 0.069444 0.069444 0.569444 0.069444 0.069444 0.569444 4.444444

DIFFERENCE MATRIX : DELTA = REAL - REFERENCE
------------------------------
 -0.590444 0.046956 -0.036244 -0.041644 -0.043144 -0.063144 -0.063144 -0.043144 0.065656
 0.046956 -0.453444 0.176956 -0.034344 -0.024644 -0.066144 -0.055644 -0.064044 -0.037844
 -0.036244 0.176956 -0.480744 0.074856 -0.035344 -0.064244 -0.065944 -0.066644 -0.037344
 -0.041644 -0.034344 0.074856 -0.453444 0.148956 -0.042444 -0.042544 -0.056544 -0.035844
 -0.043144 -0.024644 -0.035344 0.148956 -0.536344 -0.020744 -0.030044 -0.037244 0.024456
 -0.063144 -0.066144 -0.064244 -0.042444 -0.020744 -0.442444 0.253056 -0.030044 -0.032944
 -0.063144 -0.055644 -0.065944 -0.042544 -0.030044 0.253056 -0.442444 -0.020744 -0.032944
 -0.043144 -0.064044 -0.066644 -0.056544 -0.037244 -0.030044 -0.020744 -0.536344 0.024456
 0.065656 -0.037844 -0.037344 -0.035844 0.024456 -0.032944 -0.032944 0.024456 -0.534744

DISTANCES AND CONTRIBUTIONS
------------------------------
 Frobenius distance (full) : 1.619969
 Diagonal contribution     : 1.497919
 Off-diagonal contribution : 0.616878
 RMS matricielle           : 0.179997
 RMS hors diagonale        : 0.072700
 Final rank                : 4

Q WEIGHTED ANALYSIS
------------------------------
 Q Frobenius offdiag       : 0.388411
 Q RMS offdiag             : 0.045775

CHARGE TRANSFER ANALYSIS
------------------------------
 N_ref cycle               : 54.000000
 Population real (trace)   : 35.529600
 CT absolute               : -18.470400
 CT relative (%)           : -34.204444

AROMATIC HOMOGENEITY INDEX
------------------------------
 Number of unique pairs    : 36
 S_cycle_hom               : 0.247687

Q ANALYSIS
------------------------------
 Q Frobenius offdiag         : 0.388411
 Q RMS offdiag              : 0.045775

CHARGE TRANSFER ANALYSIS
------------------------------
 N_ref cycle                : 54.000000
 Population real (trace)    : 35.529600
 CT absolute                : -18.470400
 CT relative (%)            : -34.204444

HOMOGENEITY ANALYSIS BY ORBIT
------------------------------
 Orbit       n pairs          S_orb          sigma            H_k
 ----------------------------------------------------------------------
 ortho             9       0.920178       0.101220       0.900901
 meta              9       0.080879       0.008167       0.908287
 para              9       0.068321       0.036259       0.653289
 d4                9       0.129100       0.252599       0.338225

DETAIL OF x_ij = LDM_ij * r_ij BY ORBIT
------------------------------
 Orbit      Pair                     x_ij
 -------------------------------------------------
 ortho      (4, 5)               0.878578
 ortho      (4, 12)              0.885605
 ortho      (5, 6)               1.032156
 ortho      (6, 7)               0.917664
 ortho      (7, 8)               0.990775
 ortho      (8, 9)               0.807954
 ortho      (9, 10)              1.120633
 ortho      (10, 11)             0.807954
 ortho      (11, 12)             0.840286
 meta       (4, 6)               0.080718
 meta       (4, 11)              0.065510
 meta       (5, 7)               0.086403
 meta       (5, 12)              0.075552
 meta       (6, 8)               0.082247
 meta       (7, 9)               0.071425
 meta       (8, 10)              0.090960
 meta       (9, 11)              0.090960
 meta       (10, 12)             0.084136
 para       (4, 7)               0.079518
 para       (4, 10)              0.023061
 para       (5, 8)               0.126819
 para       (5, 11)              0.020177
 para       (6, 9)               0.020083
 para       (6, 12)              0.087518
 para       (7, 10)              0.098851
 para       (8, 11)              0.074722
 para       (9, 12)              0.084136
 d4         (4, 8)               0.065510
 d4         (4, 9)               0.023061
 d4         (5, 9)               0.014068
 d4         (5, 10)              0.064233
 d4         (6, 10)              0.016239
 d4         (6, 11)              0.011572
 d4         (7, 11)              0.046481
 d4         (7, 12)              0.080453
 d4         (8, 12)              0.840286

 Corrected orbit-homogeneity index (S_hom) : 0.247687

ORBIT SUMMARY
------------------------------
 Orbit       n pairs     Ref. val    Mean real     Contrib.
 --------------------------------------------------------------
 ortho             9     0.569444     0.652711     0.362099
 meta              9     0.069444     0.033622     0.108297
 para              9     0.069444     0.024133     0.142250
 d4                9     0.069444     0.077378     0.164895

ORBIT HOMOGENEITY SUMMARY
------------------------------
 Orbit       n pairs        S_orb        sigma            H
 ------------------------------------------------------------
 ortho             9     0.920178     0.101220     0.900901
 meta              9     0.080879     0.008167     0.908287
 para              9     0.068321     0.036259     0.653289
 d4                9     0.129100     0.252599     0.338225

DETAILED ORBIT PAIR TABLE
------------------------------
 Orbit      Pair                   Real    Reference   Difference
 ----------------------------------------------------------------
 ortho      (4, 5)             0.616400     0.569444     0.046956
 ortho      (4, 12)            0.635100     0.569444     0.065656
 ortho      (5, 6)             0.746400     0.569444     0.176956
 ortho      (6, 7)             0.644300     0.569444     0.074856
 ortho      (7, 8)             0.718400     0.569444     0.148956
 ortho      (8, 9)             0.548700     0.569444    -0.020744
 ortho      (9, 10)            0.822500     0.569444     0.253056
 ortho      (10, 11)           0.548700     0.569444    -0.020744
 ortho      (11, 12)           0.593900     0.569444     0.024456
 meta       (4, 6)             0.033200     0.069444    -0.036244
 meta       (4, 11)            0.026300     0.069444    -0.043144
 meta       (5, 7)             0.035100     0.069444    -0.034344
 meta       (5, 12)            0.031600     0.069444    -0.037844
 meta       (6, 8)             0.034100     0.069444    -0.035344
 meta       (7, 9)             0.027000     0.069444    -0.042444
 meta       (8, 10)            0.039400     0.069444    -0.030044
 meta       (9, 11)            0.039400     0.069444    -0.030044
 meta       (10, 12)           0.036500     0.069444    -0.032944
 para       (4, 7)             0.027800     0.069444    -0.041644
 para       (4, 10)            0.006300     0.069444    -0.063144
 para       (5, 8)             0.044800     0.069444    -0.024644
 para       (5, 11)            0.005400     0.069444    -0.064044
 para       (6, 9)             0.005200     0.069444    -0.064244
 para       (6, 12)            0.032100     0.069444    -0.037344
 para       (7, 10)            0.026900     0.069444    -0.042544
 para       (8, 11)            0.032200     0.069444    -0.037244
 para       (9, 12)            0.036500     0.069444    -0.032944
 d4         (4, 8)             0.026300     0.069444    -0.043144
 d4         (4, 9)             0.006300     0.069444    -0.063144
 d4         (5, 9)             0.003300     0.069444    -0.066144
 d4         (5, 10)            0.013800     0.069444    -0.055644
 d4         (6, 10)            0.003500     0.069444    -0.065944
 d4         (6, 11)            0.002800     0.069444    -0.066644
 d4         (7, 11)            0.012900     0.069444    -0.056544
 d4         (7, 12)            0.033600     0.069444    -0.035844
 ortho      (8, 12)            0.593900     0.569444     0.024456

===============================================================
 Cycle number        : 4
 Cycle type          : PERIPHERAL
 Cycle size          : 9
 Cycle indices       : [1, 2, 3, 4, 12, 8, 9, 10, 11]
 Cycle status        : TRAITE
 Cycle origin        : AUTO
 N_pi reference      : 5
 Number of orbits    : 4
 Lambda              : 4.444444
 Symmetric submatrix : True
 Max asymmetry       : 0.000000e+00

REAL LDM SUBMATRIX
------------------------------
 3.990900 0.644300 0.035100 0.027800 0.033600 0.012900 0.026900 0.027000 0.718400
 0.644300 3.963700 0.746400 0.033200 0.032100 0.002800 0.003500 0.005200 0.034100
 0.035100 0.746400 3.991000 0.616400 0.031600 0.005400 0.013800 0.003300 0.044800
 0.027800 0.033200 0.616400 3.854000 0.635100 0.026300 0.006300 0.006300 0.026300
 0.033600 0.032100 0.031600 0.635100 3.909700 0.593900 0.036500 0.036500 0.593900
 0.012900 0.002800 0.005400 0.026300 0.593900 3.908100 0.548700 0.039400 0.032200
 0.026900 0.003500 0.013800 0.006300 0.036500 0.548700 4.002000 0.822500 0.039400
 0.027000 0.005200 0.003300 0.006300 0.036500 0.039400 0.822500 4.002000 0.548700
 0.718400 0.034100 0.044800 0.026300 0.593900 0.032200 0.039400 0.548700 3.908100

REFERENCE MATRIX (9x9)
------------------------------
 4.444444 0.569444 0.069444 0.069444 0.069444 0.069444 0.069444 0.069444 0.569444
 0.569444 4.444444 0.569444 0.069444 0.069444 0.069444 0.069444 0.069444 0.069444
 0.069444 0.569444 4.444444 0.569444 0.069444 0.069444 0.069444 0.069444 0.069444
 0.069444 0.069444 0.569444 4.444444 0.569444 0.069444 0.069444 0.069444 0.069444
 0.069444 0.069444 0.069444 0.569444 4.444444 0.569444 0.069444 0.069444 0.569444
 0.069444 0.069444 0.069444 0.069444 0.569444 4.444444 0.569444 0.069444 0.069444
 0.069444 0.069444 0.069444 0.069444 0.069444 0.569444 4.444444 0.569444 0.069444
 0.069444 0.069444 0.069444 0.069444 0.069444 0.069444 0.569444 4.444444 0.569444
 0.569444 0.069444 0.069444 0.069444 0.569444 0.069444 0.069444 0.569444 4.444444

DIFFERENCE MATRIX : DELTA = REAL - REFERENCE
------------------------------
 -0.453544 0.074856 -0.034344 -0.041644 -0.035844 -0.056544 -0.042544 -0.042444 0.148956
 0.074856 -0.480744 0.176956 -0.036244 -0.037344 -0.066644 -0.065944 -0.064244 -0.035344
 -0.034344 0.176956 -0.453444 0.046956 -0.037844 -0.064044 -0.055644 -0.066144 -0.024644
 -0.041644 -0.036244 0.046956 -0.590444 0.065656 -0.043144 -0.063144 -0.063144 -0.043144
 -0.035844 -0.037344 -0.037844 0.065656 -0.534744 0.024456 -0.032944 -0.032944 0.024456
 -0.056544 -0.066644 -0.064044 -0.043144 0.024456 -0.536344 -0.020744 -0.030044 -0.037244
 -0.042544 -0.065944 -0.055644 -0.063144 -0.032944 -0.020744 -0.442444 0.253056 -0.030044
 -0.042444 -0.064244 -0.066144 -0.063144 -0.032944 -0.030044 0.253056 -0.442444 -0.020744
 0.148956 -0.035344 -0.024644 -0.043144 0.024456 -0.037244 -0.030044 -0.020744 -0.536344

DISTANCES AND CONTRIBUTIONS
------------------------------
 Frobenius distance (full) : 1.619997
 Diagonal contribution     : 1.497949
 Off-diagonal contribution : 0.616878
 RMS matricielle           : 0.180000
 RMS hors diagonale        : 0.072700
 Final rank                : 5

Q WEIGHTED ANALYSIS
------------------------------
 Q Frobenius offdiag       : 0.388411
 Q RMS offdiag             : 0.045775

CHARGE TRANSFER ANALYSIS
------------------------------
 N_ref cycle               : 54.000000
 Population real (trace)   : 35.529500
 CT absolute               : -18.470500
 CT relative (%)           : -34.204630

AROMATIC HOMOGENEITY INDEX
------------------------------
 Number of unique pairs    : 36
 S_cycle_hom               : 0.247687

Q ANALYSIS
------------------------------
 Q Frobenius offdiag         : 0.388411
 Q RMS offdiag              : 0.045775

CHARGE TRANSFER ANALYSIS
------------------------------
 N_ref cycle                : 54.000000
 Population real (trace)    : 35.529500
 CT absolute                : -18.470500
 CT relative (%)            : -34.204630

HOMOGENEITY ANALYSIS BY ORBIT
------------------------------
 Orbit       n pairs          S_orb          sigma            H_k
 ----------------------------------------------------------------------
 ortho             9       0.920178       0.101220       0.900901
 meta              9       0.080879       0.008167       0.908287
 para              9       0.068321       0.036259       0.653289
 d4                9       0.129100       0.252599       0.338225

DETAIL OF x_ij = LDM_ij * r_ij BY ORBIT
------------------------------
 Orbit      Pair                     x_ij
 -------------------------------------------------
 ortho      (1, 2)               0.917664
 ortho      (1, 11)              0.990775
 ortho      (2, 3)               1.032156
 ortho      (3, 4)               0.878578
 ortho      (4, 12)              0.885605
 ortho      (8, 9)               0.807954
 ortho      (8, 12)              0.840286
 ortho      (9, 10)              1.120633
 ortho      (10, 11)             0.807954
 meta       (1, 3)               0.086403
 meta       (1, 10)              0.071425
 meta       (2, 4)               0.080718
 meta       (2, 11)              0.082247
 meta       (3, 12)              0.075552
 meta       (4, 8)               0.065510
 meta       (8, 10)              0.090960
 meta       (9, 11)              0.090960
 meta       (9, 12)              0.084136
 para       (1, 4)               0.079518
 para       (1, 9)               0.098851
 para       (2, 10)              0.020083
 para       (2, 12)              0.087518
 para       (3, 8)               0.020177
 para       (3, 11)              0.126819
 para       (4, 9)               0.023061
 para       (8, 11)              0.074722
 para       (10, 12)             0.084136
 d4         (1, 8)               0.046481
 d4         (1, 12)              0.080453
 d4         (2, 8)               0.011572
 d4         (2, 9)               0.016239
 d4         (3, 9)               0.064233
 d4         (3, 10)              0.014068
 d4         (4, 10)              0.023061
 d4         (4, 11)              0.065510
 d4         (11, 12)             0.840286

 Corrected orbit-homogeneity index (S_hom) : 0.247687

ORBIT SUMMARY
------------------------------
 Orbit       n pairs     Ref. val    Mean real     Contrib.
 --------------------------------------------------------------
 ortho             9     0.569444     0.652711     0.362099
 meta              9     0.069444     0.033622     0.108297
 para              9     0.069444     0.024133     0.142250
 d4                9     0.069444     0.077378     0.164895

ORBIT HOMOGENEITY SUMMARY
------------------------------
 Orbit       n pairs        S_orb        sigma            H
 ------------------------------------------------------------
 ortho             9     0.920178     0.101220     0.900901
 meta              9     0.080879     0.008167     0.908287
 para              9     0.068321     0.036259     0.653289
 d4                9     0.129100     0.252599     0.338225

DETAILED ORBIT PAIR TABLE
------------------------------
 Orbit      Pair                   Real    Reference   Difference
 ----------------------------------------------------------------
 ortho      (1, 2)             0.644300     0.569444     0.074856
 ortho      (1, 11)            0.718400     0.569444     0.148956
 ortho      (2, 3)             0.746400     0.569444     0.176956
 ortho      (3, 4)             0.616400     0.569444     0.046956
 ortho      (4, 12)            0.635100     0.569444     0.065656
 ortho      (8, 9)             0.548700     0.569444    -0.020744
 ortho      (8, 12)            0.593900     0.569444     0.024456
 ortho      (9, 10)            0.822500     0.569444     0.253056
 ortho      (10, 11)           0.548700     0.569444    -0.020744
 meta       (1, 3)             0.035100     0.069444    -0.034344
 meta       (1, 10)            0.027000     0.069444    -0.042444
 meta       (2, 4)             0.033200     0.069444    -0.036244
 meta       (2, 11)            0.034100     0.069444    -0.035344
 meta       (3, 12)            0.031600     0.069444    -0.037844
 meta       (4, 8)             0.026300     0.069444    -0.043144
 meta       (8, 10)            0.039400     0.069444    -0.030044
 meta       (9, 11)            0.039400     0.069444    -0.030044
 meta       (9, 12)            0.036500     0.069444    -0.032944
 para       (1, 4)             0.027800     0.069444    -0.041644
 para       (1, 9)             0.026900     0.069444    -0.042544
 para       (2, 10)            0.005200     0.069444    -0.064244
 para       (2, 12)            0.032100     0.069444    -0.037344
 para       (3, 8)             0.005400     0.069444    -0.064044
 para       (3, 11)            0.044800     0.069444    -0.024644
 para       (4, 9)             0.006300     0.069444    -0.063144
 para       (8, 11)            0.032200     0.069444    -0.037244
 para       (10, 12)           0.036500     0.069444    -0.032944
 d4         (1, 8)             0.012900     0.069444    -0.056544
 d4         (1, 12)            0.033600     0.069444    -0.035844
 d4         (2, 8)             0.002800     0.069444    -0.066644
 d4         (2, 9)             0.003500     0.069444    -0.065944
 d4         (3, 9)             0.013800     0.069444    -0.055644
 d4         (3, 10)            0.003300     0.069444    -0.066144
 d4         (4, 10)            0.006300     0.069444    -0.063144
 d4         (4, 11)            0.026300     0.069444    -0.043144
 ortho      (11, 12)           0.593900     0.569444     0.024456

===============================================================
 Cycle number        : 7
 Cycle type          : ELEMENTAIRE
 Cycle size          : 11
 Cycle indices       : [1, 2, 3, 4, 5, 6, 7, 8, 9, 10, 11]
 Cycle status        : TRAITE
 Cycle origin        : AUTO
 N_pi reference      : 6
 Number of orbits    : 5
 Lambda              : 4.454545
 Symmetric submatrix : True
 Max asymmetry       : 0.000000e+00

REAL LDM SUBMATRIX
------------------------------
 3.990900 0.644300 0.035100 0.027800 0.004800 0.010300 0.005800 0.012900 0.026900 0.027000 0.718400
 0.644300 3.963700 0.746400 0.033200 0.013000 0.002500 0.010300 0.002800 0.003500 0.005200 0.034100
 0.035100 0.746400 3.991000 0.616400 0.029700 0.013000 0.004800 0.005400 0.013800 0.003300 0.044800
 0.027800 0.033200 0.616400 3.854000 0.616400 0.033200 0.027800 0.026300 0.006300 0.006300 0.026300
 0.004800 0.013000 0.029700 0.616400 3.991000 0.746400 0.035100 0.044800 0.003300 0.013800 0.005400
 0.010300 0.002500 0.013000 0.033200 0.746400 3.963700 0.644300 0.034100 0.005200 0.003500 0.002800
 0.005800 0.010300 0.004800 0.027800 0.035100 0.644300 3.991000 0.718400 0.027000 0.026900 0.012900
