===============================================================
                    AroX.v0.3.4 REPORT
===============================================================
 Program name        : AroX.v0.3.4
 Input geometry file : Anthracene_rho_dist.dat
 Geometry input type : DIST
 Input LDM file      : Anthracene_rho_ldm.dat
 Output file         : Anthracene_rho_dist.arx
 Shared cycles       : AUTO cycles + optional free MANUAL cycles + generated FUSED cycles
 Manual cycle rule   : accepted even without contour connectivity
 Fused cycle rule    : generated by symmetric difference of auto/manual cycle edges
===============================================================

===============================================================
                 SHARED PRELIMINARY CYCLE ANALYSIS
===============================================================
 Détection automatique des carbones
 ------------------------------
 Atome   1 | C | voisins = 3 | type = sp2     | rayon = 0.73 Å
 Atome   2 | C | voisins = 3 | type = sp2     | rayon = 0.73 Å
 Atome   3 | C | voisins = 3 | type = sp2     | rayon = 0.73 Å
 Atome   4 | C | voisins = 3 | type = sp2     | rayon = 0.73 Å
 Atome   5 | C | voisins = 3 | type = sp2     | rayon = 0.73 Å
 Atome   6 | C | voisins = 3 | type = sp2     | rayon = 0.73 Å
 Atome   7 | C | voisins = 3 | type = sp2     | rayon = 0.73 Å
 Atome   8 | C | voisins = 3 | type = sp2     | rayon = 0.73 Å
 Atome   9 | C | voisins = 3 | type = sp2     | rayon = 0.73 Å
 Atome  10 | C | voisins = 3 | type = sp2     | rayon = 0.73 Å
 Atome  11 | C | voisins = 3 | type = sp2     | rayon = 0.73 Å
 Atome  12 | C | voisins = 3 | type = sp2     | rayon = 0.73 Å
 Atome  13 | C | voisins = 3 | type = sp2     | rayon = 0.73 Å
 Atome  14 | C | voisins = 3 | type = sp2     | rayon = 0.73 Å

 Connectivité détectée
 ------------------------------
 Atome   1 -> voisins : [2, 14, 15]
 Atome   2 -> voisins : [1, 3, 16]
 Atome   3 -> voisins : [2, 4, 17]
 Atome   4 -> voisins : [3, 5, 13]
 Atome   5 -> voisins : [4, 6, 18]
 Atome   6 -> voisins : [5, 7, 11]
 Atome   7 -> voisins : [6, 8, 19]
 Atome   8 -> voisins : [7, 9, 20]
 Atome   9 -> voisins : [8, 10, 21]
 Atome  10 -> voisins : [9, 11, 22]
 Atome  11 -> voisins : [6, 10, 12]
 Atome  12 -> voisins : [11, 13, 23]
 Atome  13 -> voisins : [4, 12, 14]
 Atome  14 -> voisins : [1, 13, 24]
 Atome  15 -> voisins : [1]
 Atome  16 -> voisins : [2]
 Atome  17 -> voisins : [3]
 Atome  18 -> voisins : [5]
 Atome  19 -> voisins : [7]
 Atome  20 -> voisins : [8]
 Atome  21 -> voisins : [9]
 Atome  22 -> voisins : [10]
 Atome  23 -> voisins : [12]
 Atome  24 -> voisins : [14]

 Cycles détectés automatiquement
 ------------------------------
 Cycle  1 | type = ELEMENTAIRE   | taille = 6  | indices = [1, 2, 3, 4, 13, 14] | origine = AUTO        | cordes = 0  | statut = TRAITE
 Cycle  2 | type = ELEMENTAIRE   | taille = 6  | indices = [4, 5, 6, 11, 12, 13] | origine = AUTO        | cordes = 0  | statut = TRAITE
 Cycle  3 | type = ELEMENTAIRE   | taille = 6  | indices = [6, 7, 8, 9, 10, 11] | origine = AUTO        | cordes = 0  | statut = TRAITE
 Cycle  4 | type = PERIPHERAL    | taille = 10 | indices = [1, 2, 3, 4, 5, 6, 11, 12, 13, 14] | origine = AUTO        | cordes = 1  | statut = TRAITE
 Cycle  5 | type = PERIPHERAL    | taille = 10 | indices = [4, 5, 6, 7, 8, 9, 10, 11, 12, 13] | origine = AUTO        | cordes = 1  | statut = TRAITE
 Cycle  6 | type = PERIPHERAL    | taille = 14 | indices = [1, 2, 3, 4, 5, 6, 7, 8, 9, 10, 11, 12, 13, 14] | origine = AUTO        | cordes = 2  | statut = TRAITE


===============================================================
                 LDM DETAILED ANALYSIS
===============================================================
 Reference type      : EG
 epsilon_O           : 0.583333
 epsilon_P           : 0.166667
 epsilon_M           : 0.083333
 N_A (default C)     : 6.000000
 N_A per site        : Z of each atom in the cycle (auto from geometry)
 lambda (benzene EG) : 4.500000
 lambda formula      : lambda_k = Z_k - sum(off-diagonal row k)
===============================================================

===============================================================
 Cycle number        : 1
 Cycle type          : ELEMENTAIRE
 Cycle size          : 6
 Cycle indices       : [1, 2, 3, 4, 13, 14]
 N_A per site (Z)    : [6, 6, 6, 6, 6, 6]
 Cycle status        : TRAITE
 Cycle origin        : AUTO
 N_pi reference      : 3
 Number of orbits    : 3
 Lambda              : 4.500000
 Symmetric submatrix : True
 Max asymmetry       : 0.000000e+00

REAL LDM SUBMATRIX
------------------------------
 3.980400 0.622200 0.035400 0.023600 0.033400 0.767900
 0.622200 3.980400 0.767900 0.033400 0.023600 0.035400
 0.035400 0.767900 3.988900 0.607600 0.027100 0.051000
 0.023600 0.033400 0.607600 3.887900 0.585900 0.027100
 0.033400 0.023600 0.027100 0.585900 3.887900 0.607600
 0.767900 0.035400 0.051000 0.027100 0.607600 3.988900

REFERENCE MATRIX (6x6)
------------------------------
 4.500000 0.583333 0.083333 0.166667 0.083333 0.583333
 0.583333 4.500000 0.583333 0.083333 0.166667 0.083333
 0.083333 0.583333 4.500000 0.583333 0.083333 0.166667
 0.166667 0.083333 0.583333 4.500000 0.583333 0.083333
 0.083333 0.166667 0.083333 0.583333 4.500000 0.583333
 0.583333 0.083333 0.166667 0.083333 0.583333 4.500000

DIFFERENCE MATRIX : DELTA = REAL - REFERENCE
------------------------------
 -0.519600 0.038867 -0.047933 -0.143067 -0.049933 0.184567
 0.038867 -0.519600 0.184567 -0.049933 -0.143067 -0.047933
 -0.047933 0.184567 -0.511100 0.024267 -0.056233 -0.115667
 -0.143067 -0.049933 0.024267 -0.612100 0.002567 -0.056233
 -0.049933 -0.143067 -0.056233 0.002567 -0.612100 0.024267
 0.184567 -0.047933 -0.115667 -0.056233 0.024267 -0.511100

DISTANCES AND CONTRIBUTIONS
------------------------------
 Frobenius distance (full) : 1.447010
 Diagonal contribution     : 1.346012
 Off-diagonal contribution : 0.531123
 RMS matricielle           : 0.241168
 RMS hors diagonale        : 0.096969
 Final rank                : 1

Q WEIGHTED ANALYSIS
------------------------------
 Q Frobenius offdiag       : 0.307386
 Q RMS offdiag             : 0.056121

CHARGE TRANSFER ANALYSIS
------------------------------
 N_ref cycle               : 36.000000
 Population real (sum LDM) : 32.212600
 CT absolute               : -3.787400
 CT relative (%)           : -10.520556

AROMATIC HOMOGENEITY INDEX
------------------------------
 Number of unique pairs    : 15
 S_cycle_hom               : 0.380966

HOMOGENEITY ANALYSIS BY ORBIT
------------------------------
 Orbit       n pairs          S_orb          sigma            H_k
 ----------------------------------------------------------------------
 ortho             6       0.928145       0.087027       0.914273
 meta              6       0.078006       0.008050       0.906455
 para              3       0.092227       0.036149       0.718411

DETAIL OF x_ij = LDM_ij * r_ij BY ORBIT
------------------------------
 Orbit      Pair                     x_ij
 -------------------------------------------------
 ortho      (1, 2)               0.886549
 ortho      (1, 14)              1.050062
 ortho      (2, 3)               1.050062
 ortho      (3, 4)               0.868383
 ortho      (4, 13)              0.845430
 ortho      (13, 14)             0.868383
 meta       (1, 3)               0.085804
 meta       (1, 13)              0.081290
 meta       (2, 4)               0.081290
 meta       (2, 14)              0.085804
 meta       (3, 13)              0.066924
 meta       (4, 14)              0.066924
 para       (1, 4)               0.066665
 para       (2, 13)              0.066665
 para       (3, 14)              0.143350

 Corrected orbit-homogeneity index (S_hom) : 0.380966

ORBIT SUMMARY
------------------------------
 Orbit       n pairs     Ref. val    Mean real     Contrib.
 --------------------------------------------------------------
 ortho             6     0.583333     0.659850     0.266129
 meta              6     0.083333     0.031967     0.126120
 para              3     0.166667     0.032733     0.233056

ORBIT HOMOGENEITY SUMMARY
------------------------------
 Orbit       n pairs        S_orb        sigma            H
 ------------------------------------------------------------
 ortho             6     0.928145     0.087027     0.914273
 meta              6     0.078006     0.008050     0.906455
 para              3     0.092227     0.036149     0.718411

DETAILED ORBIT PAIR TABLE
------------------------------
 Orbit      Pair                   Real    Reference   Difference
 ----------------------------------------------------------------
 ortho      (1, 2)             0.622200     0.583333     0.038867
 ortho      (1, 14)            0.767900     0.583333     0.184567
 ortho      (2, 3)             0.767900     0.583333     0.184567
 ortho      (3, 4)             0.607600     0.583333     0.024267
 ortho      (4, 13)            0.585900     0.583333     0.002567
 ortho      (13, 14)           0.607600     0.583333     0.024267
 meta       (1, 3)             0.035400     0.083333    -0.047933
 meta       (1, 13)            0.033400     0.083333    -0.049933
 meta       (2, 4)             0.033400     0.083333    -0.049933
 meta       (2, 14)            0.035400     0.083333    -0.047933
 meta       (3, 13)            0.027100     0.083333    -0.056233
 meta       (4, 14)            0.027100     0.083333    -0.056233
 para       (1, 4)             0.023600     0.166667    -0.143067
 para       (2, 13)            0.023600     0.166667    -0.143067
 para       (3, 14)            0.051000     0.166667    -0.115667

===============================================================
 Cycle number        : 3
 Cycle type          : ELEMENTAIRE
 Cycle size          : 6
 Cycle indices       : [6, 7, 8, 9, 10, 11]
 N_A per site (Z)    : [6, 6, 6, 6, 6, 6]
 Cycle status        : TRAITE
 Cycle origin        : AUTO
 N_pi reference      : 3
 Number of orbits    : 3
 Lambda              : 4.500000
 Symmetric submatrix : True
 Max asymmetry       : 0.000000e+00

REAL LDM SUBMATRIX
------------------------------
 3.887900 0.607600 0.033400 0.023600 0.027100 0.585900
 0.607600 3.988900 0.767900 0.035400 0.051000 0.027100
 0.033400 0.767900 3.980400 0.622200 0.035400 0.023600
 0.023600 0.035400 0.622200 3.980400 0.767900 0.033400
 0.027100 0.051000 0.035400 0.767900 3.988900 0.607600
 0.585900 0.027100 0.023600 0.033400 0.607600 3.887900

REFERENCE MATRIX (6x6)
------------------------------
 4.500000 0.583333 0.083333 0.166667 0.083333 0.583333
 0.583333 4.500000 0.583333 0.083333 0.166667 0.083333
 0.083333 0.583333 4.500000 0.583333 0.083333 0.166667
 0.166667 0.083333 0.583333 4.500000 0.583333 0.083333
 0.083333 0.166667 0.083333 0.583333 4.500000 0.583333
 0.583333 0.083333 0.166667 0.083333 0.583333 4.500000

DIFFERENCE MATRIX : DELTA = REAL - REFERENCE
------------------------------
 -0.612100 0.024267 -0.049933 -0.143067 -0.056233 0.002567
 0.024267 -0.511100 0.184567 -0.047933 -0.115667 -0.056233
 -0.049933 0.184567 -0.519600 0.038867 -0.047933 -0.143067
 -0.143067 -0.047933 0.038867 -0.519600 0.184567 -0.049933
 -0.056233 -0.115667 -0.047933 0.184567 -0.511100 0.024267
 0.002567 -0.056233 -0.143067 -0.049933 0.024267 -0.612100

DISTANCES AND CONTRIBUTIONS
------------------------------
 Frobenius distance (full) : 1.447010
 Diagonal contribution     : 1.346012
 Off-diagonal contribution : 0.531123
 RMS matricielle           : 0.241168
 RMS hors diagonale        : 0.096969
 Final rank                : 1

Q WEIGHTED ANALYSIS
------------------------------
 Q Frobenius offdiag       : 0.307386
 Q RMS offdiag             : 0.056121

CHARGE TRANSFER ANALYSIS
------------------------------
 N_ref cycle               : 36.000000
 Population real (sum LDM) : 32.212600
 CT absolute               : -3.787400
 CT relative (%)           : -10.520556

AROMATIC HOMOGENEITY INDEX
------------------------------
 Number of unique pairs    : 15
 S_cycle_hom               : 0.380966

HOMOGENEITY ANALYSIS BY ORBIT
------------------------------
 Orbit       n pairs          S_orb          sigma            H_k
 ----------------------------------------------------------------------
 ortho             6       0.928145       0.087027       0.914273
 meta              6       0.078006       0.008050       0.906455
 para              3       0.092227       0.036149       0.718411

DETAIL OF x_ij = LDM_ij * r_ij BY ORBIT
------------------------------
 Orbit      Pair                     x_ij
 -------------------------------------------------
 ortho      (6, 7)               0.868383
 ortho      (6, 11)              0.845430
 ortho      (7, 8)               1.050062
 ortho      (8, 9)               0.886549
 ortho      (9, 10)              1.050062
 ortho      (10, 11)             0.868383
 meta       (6, 8)               0.081290
 meta       (6, 10)              0.066924
 meta       (7, 9)               0.085804
 meta       (7, 11)              0.066924
 meta       (8, 10)              0.085804
 meta       (9, 11)              0.081290
 para       (6, 9)               0.066665
 para       (7, 10)              0.143350
 para       (8, 11)              0.066665

 Corrected orbit-homogeneity index (S_hom) : 0.380966

ORBIT SUMMARY
------------------------------
 Orbit       n pairs     Ref. val    Mean real     Contrib.
 --------------------------------------------------------------
 ortho             6     0.583333     0.659850     0.266129
 meta              6     0.083333     0.031967     0.126120
 para              3     0.166667     0.032733     0.233056

ORBIT HOMOGENEITY SUMMARY
------------------------------
 Orbit       n pairs        S_orb        sigma            H
 ------------------------------------------------------------
 ortho             6     0.928145     0.087027     0.914273
 meta              6     0.078006     0.008050     0.906455
 para              3     0.092227     0.036149     0.718411

DETAILED ORBIT PAIR TABLE
------------------------------
 Orbit      Pair                   Real    Reference   Difference
 ----------------------------------------------------------------
 ortho      (6, 7)             0.607600     0.583333     0.024267
 ortho      (6, 11)            0.585900     0.583333     0.002567
 ortho      (7, 8)             0.767900     0.583333     0.184567
 ortho      (8, 9)             0.622200     0.583333     0.038867
 ortho      (9, 10)            0.767900     0.583333     0.184567
 ortho      (10, 11)           0.607600     0.583333     0.024267
 meta       (6, 8)             0.033400     0.083333    -0.049933
 meta       (6, 10)            0.027100     0.083333    -0.056233
 meta       (7, 9)             0.035400     0.083333    -0.047933
 meta       (7, 11)            0.027100     0.083333    -0.056233
 meta       (8, 10)            0.035400     0.083333    -0.047933
 meta       (9, 11)            0.033400     0.083333    -0.049933
 para       (6, 9)             0.023600     0.166667    -0.143067
 para       (7, 10)            0.051000     0.166667    -0.115667
 para       (8, 11)            0.023600     0.166667    -0.143067

===============================================================
 Cycle number        : 2
 Cycle type          : ELEMENTAIRE
 Cycle size          : 6
 Cycle indices       : [4, 5, 6, 11, 12, 13]
 N_A per site (Z)    : [6, 6, 6, 6, 6, 6]
 Cycle status        : TRAITE
 Cycle origin        : AUTO
 N_pi reference      : 3
 Number of orbits    : 3
 Lambda              : 4.500000
 Symmetric submatrix : True
 Max asymmetry       : 0.000000e+00

REAL LDM SUBMATRIX
------------------------------
 3.887900 0.669300 0.031200 0.021600 0.029700 0.585900
 0.669300 3.985400 0.669300 0.029700 0.054600 0.029700
 0.031200 0.669300 3.887900 0.585900 0.029700 0.021600
 0.021600 0.029700 0.585900 3.887900 0.669300 0.031200
 0.029700 0.054600 0.029700 0.669300 3.985400 0.669300
 0.585900 0.029700 0.021600 0.031200 0.669300 3.887900

REFERENCE MATRIX (6x6)
------------------------------
 4.500000 0.583333 0.083333 0.166667 0.083333 0.583333
 0.583333 4.500000 0.583333 0.083333 0.166667 0.083333
 0.083333 0.583333 4.500000 0.583333 0.083333 0.166667
 0.166667 0.083333 0.583333 4.500000 0.583333 0.083333
 0.083333 0.166667 0.083333 0.583333 4.500000 0.583333
 0.583333 0.083333 0.166667 0.083333 0.583333 4.500000

DIFFERENCE MATRIX : DELTA = REAL - REFERENCE
------------------------------
 -0.612100 0.085967 -0.052133 -0.145067 -0.053633 0.002567
 0.085967 -0.514600 0.085967 -0.053633 -0.112067 -0.053633
 -0.052133 0.085967 -0.612100 0.002567 -0.053633 -0.145067
 -0.145067 -0.053633 0.002567 -0.612100 0.085967 -0.052133
 -0.053633 -0.112067 -0.053633 0.085967 -0.514600 0.085967
 0.002567 -0.053633 -0.145067 -0.052133 0.085967 -0.612100

DISTANCES AND CONTRIBUTIONS
------------------------------
 Frobenius distance (full) : 1.493526
 Diagonal contribution     : 1.424181
 Off-diagonal contribution : 0.449808
 RMS matricielle           : 0.248921
 RMS hors diagonale        : 0.082123
 Final rank                : 2

Q WEIGHTED ANALYSIS
------------------------------
 Q Frobenius offdiag       : 0.222539
 Q RMS offdiag             : 0.040630

CHARGE TRANSFER ANALYSIS
------------------------------
 N_ref cycle               : 36.000000
 Population real (sum LDM) : 31.778400
 CT absolute               : -4.221600
 CT relative (%)           : -11.726667

AROMATIC HOMOGENEITY INDEX
------------------------------
 Number of unique pairs    : 15
 S_cycle_hom               : 0.387463

HOMOGENEITY ANALYSIS BY ORBIT
------------------------------
 Orbit       n pairs          S_orb          sigma            H_k
 ----------------------------------------------------------------------
 ortho             6       0.905966       0.042806       0.954883
 meta              6       0.073932       0.001647       0.978210
 para              3       0.091907       0.043271       0.679895

DETAIL OF x_ij = LDM_ij * r_ij BY ORBIT
------------------------------
 Orbit      Pair                     x_ij
 -------------------------------------------------
 ortho      (4, 5)               0.936235
 ortho      (4, 13)              0.845430
 ortho      (5, 6)               0.936235
 ortho      (6, 11)              0.845430
 ortho      (11, 12)             0.936235
 ortho      (12, 13)             0.936235
 meta       (4, 6)               0.076261
 meta       (4, 12)              0.072768
 meta       (5, 11)              0.072768
 meta       (5, 13)              0.072768
 meta       (6, 12)              0.072768
 meta       (11, 13)             0.076261
 para       (4, 11)              0.061309
 para       (5, 12)              0.153101
 para       (6, 13)              0.061309

 Corrected orbit-homogeneity index (S_hom) : 0.387463

ORBIT SUMMARY
------------------------------
 Orbit       n pairs     Ref. val    Mean real     Contrib.
 --------------------------------------------------------------
 ortho             6     0.583333     0.641500     0.171972
 meta              6     0.083333     0.030200     0.130161
 para              3     0.166667     0.032600     0.233768

ORBIT HOMOGENEITY SUMMARY
------------------------------
 Orbit       n pairs        S_orb        sigma            H
 ------------------------------------------------------------
 ortho             6     0.905966     0.042806     0.954883
 meta              6     0.073932     0.001647     0.978210
 para              3     0.091907     0.043271     0.679895

DETAILED ORBIT PAIR TABLE
------------------------------
 Orbit      Pair                   Real    Reference   Difference
 ----------------------------------------------------------------
 ortho      (4, 5)             0.669300     0.583333     0.085967
 ortho      (4, 13)            0.585900     0.583333     0.002567
 ortho      (5, 6)             0.669300     0.583333     0.085967
 ortho      (6, 11)            0.585900     0.583333     0.002567
 ortho      (11, 12)           0.669300     0.583333     0.085967
 ortho      (12, 13)           0.669300     0.583333     0.085967
 meta       (4, 6)             0.031200     0.083333    -0.052133
 meta       (4, 12)            0.029700     0.083333    -0.053633
 meta       (5, 11)            0.029700     0.083333    -0.053633
 meta       (5, 13)            0.029700     0.083333    -0.053633
 meta       (6, 12)            0.029700     0.083333    -0.053633
 meta       (11, 13)           0.031200     0.083333    -0.052133
 para       (4, 11)            0.021600     0.166667    -0.145067
 para       (5, 12)            0.054600     0.166667    -0.112067
 para       (6, 13)            0.021600     0.166667    -0.145067

===============================================================
 Cycle number        : 4
 Cycle type          : PERIPHERAL
 Cycle size          : 10
 Cycle indices       : [1, 2, 3, 4, 5, 6, 11, 12, 13, 14]
 N_A per site (Z)    : [6, 6, 6, 6, 6, 6, 6, 6, 6, 6]
 Cycle status        : TRAITE
 Cycle origin        : AUTO
 N_pi reference      : 5
 Number of orbits    : 5
 Lambda              : 4.500000
 Symmetric submatrix : True
 Max asymmetry       : 0.000000e+00

REAL LDM SUBMATRIX
------------------------------
 3.980400 0.622200 0.035400 0.023600 0.002600 0.008000 0.002700 0.020800 0.033400 0.767900
 0.622200 3.980400 0.767900 0.033400 0.020800 0.002700 0.008000 0.002600 0.023600 0.035400
 0.035400 0.767900 3.988900 0.607600 0.032000 0.011300 0.002000 0.005500 0.027100 0.051000
 0.023600 0.033400 0.607600 3.887900 0.669300 0.031200 0.021600 0.029700 0.585900 0.027100
 0.002600 0.020800 0.032000 0.669300 3.985400 0.669300 0.029700 0.054600 0.029700 0.005500
 0.008000 0.002700 0.011300 0.031200 0.669300 3.887900 0.585900 0.029700 0.021600 0.002000
 0.002700 0.008000 0.002000 0.021600 0.029700 0.585900 3.887900 0.669300 0.031200 0.011300
 0.020800 0.002600 0.005500 0.029700 0.054600 0.029700 0.669300 3.985400 0.669300 0.032000
 0.033400 0.023600 0.027100 0.585900 0.029700 0.021600 0.031200 0.669300 3.887900 0.607600
 0.767900 0.035400 0.051000 0.027100 0.005500 0.002000 0.011300 0.032000 0.607600 3.988900

REFERENCE MATRIX (10x10)
------------------------------
 4.500000 0.550000 0.050000 0.050000 0.050000 0.100000 0.050000 0.050000 0.050000 0.550000
 0.550000 4.500000 0.550000 0.050000 0.050000 0.050000 0.100000 0.050000 0.050000 0.050000
 0.050000 0.550000 4.500000 0.550000 0.050000 0.050000 0.050000 0.100000 0.050000 0.050000
 0.050000 0.050000 0.550000 4.500000 0.550000 0.050000 0.050000 0.050000 0.550000 0.050000
 0.050000 0.050000 0.050000 0.550000 4.500000 0.550000 0.050000 0.050000 0.050000 0.100000
 0.100000 0.050000 0.050000 0.050000 0.550000 4.500000 0.550000 0.050000 0.050000 0.050000
 0.050000 0.100000 0.050000 0.050000 0.050000 0.550000 4.500000 0.550000 0.050000 0.050000
 0.050000 0.050000 0.100000 0.050000 0.050000 0.050000 0.550000 4.500000 0.550000 0.050000
 0.050000 0.050000 0.050000 0.550000 0.050000 0.050000 0.050000 0.550000 4.500000 0.550000
 0.550000 0.050000 0.050000 0.050000 0.100000 0.050000 0.050000 0.050000 0.550000 4.500000

DIFFERENCE MATRIX : DELTA = REAL - REFERENCE
------------------------------
 -0.519600 0.072200 -0.014600 -0.026400 -0.047400 -0.092000 -0.047300 -0.029200 -0.016600 0.217900
 0.072200 -0.519600 0.217900 -0.016600 -0.029200 -0.047300 -0.092000 -0.047400 -0.026400 -0.014600
 -0.014600 0.217900 -0.511100 0.057600 -0.018000 -0.038700 -0.048000 -0.094500 -0.022900 0.001000
 -0.026400 -0.016600 0.057600 -0.612100 0.119300 -0.018800 -0.028400 -0.020300 0.035900 -0.022900
 -0.047400 -0.029200 -0.018000 0.119300 -0.514600 0.119300 -0.020300 0.004600 -0.020300 -0.094500
 -0.092000 -0.047300 -0.038700 -0.018800 0.119300 -0.612100 0.035900 -0.020300 -0.028400 -0.048000
 -0.047300 -0.092000 -0.048000 -0.028400 -0.020300 0.035900 -0.612100 0.119300 -0.018800 -0.038700
 -0.029200 -0.047400 -0.094500 -0.020300 0.004600 -0.020300 0.119300 -0.514600 0.119300 -0.018000
 -0.016600 -0.026400 -0.022900 0.035900 -0.020300 -0.028400 -0.018800 0.119300 -0.612100 0.057600
 0.217900 -0.014600 0.001000 -0.022900 -0.094500 -0.048000 -0.038700 -0.018000 0.057600 -0.511100

DISTANCES AND CONTRIBUTIONS
------------------------------
 Frobenius distance (full) : 1.882973
 Diagonal contribution     : 1.758041
 Off-diagonal contribution : 0.674449
 RMS matricielle           : 0.188297
 RMS hors diagonale        : 0.071093
 Final rank                : 3

Q WEIGHTED ANALYSIS
------------------------------
 Q Frobenius offdiag       : 0.426856
 Q RMS offdiag             : 0.044995

CHARGE TRANSFER ANALYSIS
------------------------------
 N_ref cycle               : 60.000000
 Population real (sum LDM) : 55.383000
 CT absolute               : -4.617000
 CT relative (%)           : -7.695000

AROMATIC HOMOGENEITY INDEX
------------------------------
 Number of unique pairs    : 45
 S_cycle_hom               : 0.233864

HOMOGENEITY ANALYSIS BY ORBIT
------------------------------
 Orbit       n pairs          S_orb          sigma            H_k
 ----------------------------------------------------------------------
 ortho            10       0.931381       0.067527       0.932399
 meta             10       0.079078       0.004425       0.947002
 para             10       0.079219       0.036373       0.685331
 d4               10       0.034475       0.028976       0.543336
 d5                5       0.193593       0.326042       0.372555

DETAIL OF x_ij = LDM_ij * r_ij BY ORBIT
------------------------------
 Orbit      Pair                     x_ij
 -------------------------------------------------
 ortho      (1, 2)               0.886549
 ortho      (1, 14)              1.050062
 ortho      (2, 3)               1.050062
 ortho      (3, 4)               0.868383
 ortho      (4, 5)               0.936235
 ortho      (5, 6)               0.936235
 ortho      (6, 11)              0.845430
 ortho      (11, 12)             0.936235
 ortho      (12, 13)             0.936235
 ortho      (13, 14)             0.868383
 meta       (1, 3)               0.085804
 meta       (1, 13)              0.081290
 meta       (2, 4)               0.081290
 meta       (2, 14)              0.085804
 meta       (3, 5)               0.079266
 meta       (4, 6)               0.076261
 meta       (5, 11)              0.072768
 meta       (6, 12)              0.072768
 meta       (11, 13)             0.076261
 meta       (12, 14)             0.079266
 para       (1, 4)               0.066665
 para       (1, 12)              0.077384
 para       (2, 5)               0.077384
 para       (2, 13)              0.066665
 para       (3, 6)               0.042509
 para       (3, 14)              0.143350
 para       (4, 11)              0.061309
 para       (5, 12)              0.153101
 para       (6, 13)              0.061309
 para       (11, 14)             0.042509
 d4         (1, 5)               0.010981
 d4         (1, 11)              0.013171
 d4         (2, 6)               0.013171
 d4         (2, 12)              0.010981
 d4         (3, 11)              0.008534
 d4         (3, 13)              0.066924
 d4         (4, 12)              0.072768
 d4         (4, 14)              0.066924
 d4         (5, 13)              0.072768
 d4         (6, 14)              0.008534
 d5         (1, 6)               0.040676
 d5         (2, 11)              0.040676
 d5         (3, 12)              0.020592
 d5         (4, 13)              0.845430
 d5         (5, 14)              0.020592

 Corrected orbit-homogeneity index (S_hom) : 0.233864

ORBIT SUMMARY
------------------------------
 Orbit       n pairs     Ref. val    Mean real     Contrib.
 --------------------------------------------------------------
 ortho            10     0.550000     0.663630     0.406236
 meta             10     0.050000     0.032340     0.056183
 para             10     0.050000     0.026020     0.087920
 d4               10     0.050000     0.012820     0.124294
 d5                5     0.100000     0.122580     0.189940

ORBIT HOMOGENEITY SUMMARY
------------------------------
 Orbit       n pairs        S_orb        sigma            H
 ------------------------------------------------------------
 ortho            10     0.931381     0.067527     0.932399
 meta             10     0.079078     0.004425     0.947002
 para             10     0.079219     0.036373     0.685331
 d4               10     0.034475     0.028976     0.543336
 d5                5     0.193593     0.326042     0.372555

DETAILED ORBIT PAIR TABLE
------------------------------
 Orbit      Pair                   Real    Reference   Difference
 ----------------------------------------------------------------
 ortho      (1, 2)             0.622200     0.550000     0.072200
 ortho      (1, 14)            0.767900     0.550000     0.217900
 ortho      (2, 3)             0.767900     0.550000     0.217900
 ortho      (3, 4)             0.607600     0.550000     0.057600
 ortho      (4, 5)             0.669300     0.550000     0.119300
 ortho      (5, 6)             0.669300     0.550000     0.119300
 ortho      (6, 11)            0.585900     0.550000     0.035900
 ortho      (11, 12)           0.669300     0.550000     0.119300
 ortho      (12, 13)           0.669300     0.550000     0.119300
 ortho      (13, 14)           0.607600     0.550000     0.057600
 meta       (1, 3)             0.035400     0.050000    -0.014600
 meta       (1, 13)            0.033400     0.050000    -0.016600
 meta       (2, 4)             0.033400     0.050000    -0.016600
 meta       (2, 14)            0.035400     0.050000    -0.014600
 meta       (3, 5)             0.032000     0.050000    -0.018000
 meta       (4, 6)             0.031200     0.050000    -0.018800
 meta       (5, 11)            0.029700     0.050000    -0.020300
 meta       (6, 12)            0.029700     0.050000    -0.020300
 meta       (11, 13)           0.031200     0.050000    -0.018800
 meta       (12, 14)           0.032000     0.050000    -0.018000
 para       (1, 4)             0.023600     0.050000    -0.026400
 para       (1, 12)            0.020800     0.050000    -0.029200
 para       (2, 5)             0.020800     0.050000    -0.029200
 para       (2, 13)            0.023600     0.050000    -0.026400
 para       (3, 6)             0.011300     0.050000    -0.038700
 para       (3, 14)            0.051000     0.050000     0.001000
 para       (4, 11)            0.021600     0.050000    -0.028400
 para       (5, 12)            0.054600     0.050000     0.004600
 para       (6, 13)            0.021600     0.050000    -0.028400
 para       (11, 14)           0.011300     0.050000    -0.038700
 d4         (1, 5)             0.002600     0.050000    -0.047400
 d4         (1, 11)            0.002700     0.050000    -0.047300
 d4         (2, 6)             0.002700     0.050000    -0.047300
 d4         (2, 12)            0.002600     0.050000    -0.047400
 d4         (3, 11)            0.002000     0.050000    -0.048000
 d4         (3, 13)            0.027100     0.050000    -0.022900
 d4         (4, 12)            0.029700     0.050000    -0.020300
 d4         (4, 14)            0.027100     0.050000    -0.022900
 d4         (5, 13)            0.029700     0.050000    -0.020300
 d4         (6, 14)            0.002000     0.050000    -0.048000
 d5         (1, 6)             0.008000     0.100000    -0.092000
 d5         (2, 11)            0.008000     0.100000    -0.092000
 d5         (3, 12)            0.005500     0.100000    -0.094500
 ortho      (4, 13)            0.585900     0.550000     0.035900
 d5         (5, 14)            0.005500     0.100000    -0.094500

===============================================================
 Cycle number        : 5
 Cycle type          : PERIPHERAL
 Cycle size          : 10
 Cycle indices       : [4, 5, 6, 7, 8, 9, 10, 11, 12, 13]
 N_A per site (Z)    : [6, 6, 6, 6, 6, 6, 6, 6, 6, 6]
 Cycle status        : TRAITE
 Cycle origin        : AUTO
 N_pi reference      : 5
 Number of orbits    : 5
 Lambda              : 4.500000
 Symmetric submatrix : True
 Max asymmetry       : 0.000000e+00

REAL LDM SUBMATRIX
------------------------------
 3.887900 0.669300 0.031200 0.011300 0.002700 0.008000 0.002000 0.021600 0.029700 0.585900
 0.669300 3.985400 0.669300 0.032000 0.020800 0.002600 0.005500 0.029700 0.054600 0.029700
 0.031200 0.669300 3.887900 0.607600 0.033400 0.023600 0.027100 0.585900 0.029700 0.021600
 0.011300 0.032000 0.607600 3.988900 0.767900 0.035400 0.051000 0.027100 0.005500 0.002000
 0.002700 0.020800 0.033400 0.767900 3.980400 0.622200 0.035400 0.023600 0.002600 0.008000
 0.008000 0.002600 0.023600 0.035400 0.622200 3.980400 0.767900 0.033400 0.020800 0.002700
 0.002000 0.005500 0.027100 0.051000 0.035400 0.767900 3.988900 0.607600 0.032000 0.011300
 0.021600 0.029700 0.585900 0.027100 0.023600 0.033400 0.607600 3.887900 0.669300 0.031200
 0.029700 0.054600 0.029700 0.005500 0.002600 0.020800 0.032000 0.669300 3.985400 0.669300
 0.585900 0.029700 0.021600 0.002000 0.008000 0.002700 0.011300 0.031200 0.669300 3.887900

REFERENCE MATRIX (10x10)
------------------------------
 4.500000 0.550000 0.050000 0.050000 0.050000 0.100000 0.050000 0.050000 0.050000 0.550000
 0.550000 4.500000 0.550000 0.050000 0.050000 0.050000 0.100000 0.050000 0.050000 0.050000
 0.050000 0.550000 4.500000 0.550000 0.050000 0.050000 0.050000 0.550000 0.050000 0.050000
 0.050000 0.050000 0.550000 4.500000 0.550000 0.050000 0.050000 0.050000 0.100000 0.050000
 0.050000 0.050000 0.050000 0.550000 4.500000 0.550000 0.050000 0.050000 0.050000 0.100000
 0.100000 0.050000 0.050000 0.050000 0.550000 4.500000 0.550000 0.050000 0.050000 0.050000
 0.050000 0.100000 0.050000 0.050000 0.050000 0.550000 4.500000 0.550000 0.050000 0.050000
 0.050000 0.050000 0.550000 0.050000 0.050000 0.050000 0.550000 4.500000 0.550000 0.050000
 0.050000 0.050000 0.050000 0.100000 0.050000 0.050000 0.050000 0.550000 4.500000 0.550000
 0.550000 0.050000 0.050000 0.050000 0.100000 0.050000 0.050000 0.050000 0.550000 4.500000

DIFFERENCE MATRIX : DELTA = REAL - REFERENCE
------------------------------
 -0.612100 0.119300 -0.018800 -0.038700 -0.047300 -0.092000 -0.048000 -0.028400 -0.020300 0.035900
 0.119300 -0.514600 0.119300 -0.018000 -0.029200 -0.047400 -0.094500 -0.020300 0.004600 -0.020300
 -0.018800 0.119300 -0.612100 0.057600 -0.016600 -0.026400 -0.022900 0.035900 -0.020300 -0.028400
 -0.038700 -0.018000 0.057600 -0.511100 0.217900 -0.014600 0.001000 -0.022900 -0.094500 -0.048000
 -0.047300 -0.029200 -0.016600 0.217900 -0.519600 0.072200 -0.014600 -0.026400 -0.047400 -0.092000
 -0.092000 -0.047400 -0.026400 -0.014600 0.072200 -0.519600 0.217900 -0.016600 -0.029200 -0.047300
 -0.048000 -0.094500 -0.022900 0.001000 -0.014600 0.217900 -0.511100 0.057600 -0.018000 -0.038700
 -0.028400 -0.020300 0.035900 -0.022900 -0.026400 -0.016600 0.057600 -0.612100 0.119300 -0.018800
 -0.020300 0.004600 -0.020300 -0.094500 -0.047400 -0.029200 -0.018000 0.119300 -0.514600 0.119300
 0.035900 -0.020300 -0.028400 -0.048000 -0.092000 -0.047300 -0.038700 -0.018800 0.119300 -0.612100

DISTANCES AND CONTRIBUTIONS
------------------------------
 Frobenius distance (full) : 1.882973
 Diagonal contribution     : 1.758041
 Off-diagonal contribution : 0.674449
 RMS matricielle           : 0.188297
 RMS hors diagonale        : 0.071093
 Final rank                : 3

Q WEIGHTED ANALYSIS
------------------------------
 Q Frobenius offdiag       : 0.426856
 Q RMS offdiag             : 0.044995

CHARGE TRANSFER ANALYSIS
------------------------------
 N_ref cycle               : 60.000000
 Population real (sum LDM) : 55.383000
 CT absolute               : -4.617000
 CT relative (%)           : -7.695000

AROMATIC HOMOGENEITY INDEX
------------------------------
 Number of unique pairs    : 45
 S_cycle_hom               : 0.233864

HOMOGENEITY ANALYSIS BY ORBIT
------------------------------
 Orbit       n pairs          S_orb          sigma            H_k
 ----------------------------------------------------------------------
 ortho            10       0.931381       0.067527       0.932399
 meta             10       0.079078       0.004425       0.947002
 para             10       0.079219       0.036373       0.685331
 d4               10       0.034475       0.028976       0.543336
 d5                5       0.193593       0.326042       0.372555

DETAIL OF x_ij = LDM_ij * r_ij BY ORBIT
------------------------------
 Orbit      Pair                     x_ij
 -------------------------------------------------
 ortho      (4, 5)               0.936235
 ortho      (4, 13)              0.845430
 ortho      (5, 6)               0.936235
 ortho      (6, 7)               0.868383
 ortho      (7, 8)               1.050062
 ortho      (8, 9)               0.886549
 ortho      (9, 10)              1.050062
 ortho      (10, 11)             0.868383
 ortho      (11, 12)             0.936235
 ortho      (12, 13)             0.936235
 meta       (4, 6)               0.076261
 meta       (4, 12)              0.072768
 meta       (5, 7)               0.079266
 meta       (5, 13)              0.072768
 meta       (6, 8)               0.081290
 meta       (7, 9)               0.085804
 meta       (8, 10)              0.085804
 meta       (9, 11)              0.081290
 meta       (10, 12)             0.079266
 meta       (11, 13)             0.076261
 para       (4, 7)               0.042509
 para       (4, 11)              0.061309
 para       (5, 8)               0.077384
 para       (5, 12)              0.153101
 para       (6, 9)               0.066665
 para       (6, 13)              0.061309
 para       (7, 10)              0.143350
 para       (8, 11)              0.066665
 para       (9, 12)              0.077384
 para       (10, 13)             0.042509
 d4         (4, 8)               0.013171
 d4         (4, 10)              0.008534
 d4         (5, 9)               0.010981
 d4         (5, 11)              0.072768
 d4         (6, 10)              0.066924
 d4         (6, 12)              0.072768
 d4         (7, 11)              0.066924
 d4         (7, 13)              0.008534
 d4         (8, 12)              0.010981
 d4         (9, 13)              0.013171
 d5         (4, 9)               0.040676
 d5         (5, 10)              0.020592
 d5         (6, 11)              0.845430
 d5         (7, 12)              0.020592
 d5         (8, 13)              0.040676

 Corrected orbit-homogeneity index (S_hom) : 0.233864

ORBIT SUMMARY
------------------------------
 Orbit       n pairs     Ref. val    Mean real     Contrib.
 --------------------------------------------------------------
 ortho            10     0.550000     0.663630     0.406236
 meta             10     0.050000     0.032340     0.056183
 para             10     0.050000     0.026020     0.087920
 d4               10     0.050000     0.012820     0.124294
 d5                5     0.100000     0.122580     0.189940

ORBIT HOMOGENEITY SUMMARY
------------------------------
 Orbit       n pairs        S_orb        sigma            H
 ------------------------------------------------------------
 ortho            10     0.931381     0.067527     0.932399
 meta             10     0.079078     0.004425     0.947002
 para             10     0.079219     0.036373     0.685331
 d4               10     0.034475     0.028976     0.543336
 d5                5     0.193593     0.326042     0.372555

DETAILED ORBIT PAIR TABLE
------------------------------
 Orbit      Pair                   Real    Reference   Difference
 ----------------------------------------------------------------
 ortho      (4, 5)             0.669300     0.550000     0.119300
 ortho      (4, 13)            0.585900     0.550000     0.035900
 ortho      (5, 6)             0.669300     0.550000     0.119300
 ortho      (6, 7)             0.607600     0.550000     0.057600
 ortho      (7, 8)             0.767900     0.550000     0.217900
