===============================================================
                    AroX.v0.3.1 REPORT
===============================================================
 Program name        : AroX.v0.3.1
 Input geometry file : Chrysene_6-311+Gdp_rho_dist.dat
 Geometry input type : DIST
 Input LDM file      : Chrysene_6-311+Gdp_rho_ldm.dat
 Output file         : Chrysene_6-311+Gdp_rho_dist.arx
 Shared cycles       : AUTO cycles + optional free MANUAL cycles + generated FUSED cycles
 Manual cycle rule   : accepted even without contour connectivity
 Fused cycle rule    : generated by symmetric difference of auto/manual cycle edges
===============================================================

===============================================================
                 SHARED PRELIMINARY CYCLE ANALYSIS
===============================================================
 Détection automatique des carbones
 ------------------------------
 Atome   1 | C | voisins = 3 | type = sp2     | rayon = 0.73 Å
 Atome   2 | C | voisins = 3 | type = sp2     | rayon = 0.73 Å
 Atome   3 | C | voisins = 3 | type = sp2     | rayon = 0.73 Å
 Atome   4 | C | voisins = 3 | type = sp2     | rayon = 0.73 Å
 Atome   5 | C | voisins = 3 | type = sp2     | rayon = 0.73 Å
 Atome   6 | C | voisins = 3 | type = sp2     | rayon = 0.73 Å
 Atome   7 | C | voisins = 3 | type = sp2     | rayon = 0.73 Å
 Atome   8 | C | voisins = 3 | type = sp2     | rayon = 0.73 Å
 Atome   9 | C | voisins = 3 | type = sp2     | rayon = 0.73 Å
 Atome  10 | C | voisins = 3 | type = sp2     | rayon = 0.73 Å
 Atome  11 | C | voisins = 3 | type = sp2     | rayon = 0.73 Å
 Atome  12 | C | voisins = 3 | type = sp2     | rayon = 0.73 Å
 Atome  13 | C | voisins = 3 | type = sp2     | rayon = 0.73 Å
 Atome  14 | C | voisins = 3 | type = sp2     | rayon = 0.73 Å
 Atome  15 | C | voisins = 3 | type = sp2     | rayon = 0.73 Å
 Atome  16 | C | voisins = 3 | type = sp2     | rayon = 0.73 Å
 Atome  17 | C | voisins = 3 | type = sp2     | rayon = 0.73 Å
 Atome  18 | C | voisins = 3 | type = sp2     | rayon = 0.73 Å

 Connectivité détectée
 ------------------------------
 Atome   1 -> voisins : [2, 18, 19]
 Atome   2 -> voisins : [1, 3, 20]
 Atome   3 -> voisins : [2, 4, 21]
 Atome   4 -> voisins : [3, 5, 17]
 Atome   5 -> voisins : [4, 6, 22]
 Atome   6 -> voisins : [5, 7, 23]
 Atome   7 -> voisins : [6, 8, 16]
 Atome   8 -> voisins : [7, 9, 13]
 Atome   9 -> voisins : [8, 10, 24]
 Atome  10 -> voisins : [9, 11, 25]
 Atome  11 -> voisins : [10, 12, 26]
 Atome  12 -> voisins : [11, 13, 27]
 Atome  13 -> voisins : [8, 12, 14]
 Atome  14 -> voisins : [13, 15, 28]
 Atome  15 -> voisins : [14, 16, 29]
 Atome  16 -> voisins : [7, 15, 17]
 Atome  17 -> voisins : [4, 16, 18]
 Atome  18 -> voisins : [1, 17, 30]
 Atome  19 -> voisins : [1]
 Atome  20 -> voisins : [2]
 Atome  21 -> voisins : [3]
 Atome  22 -> voisins : [5]
 Atome  23 -> voisins : [6]
 Atome  24 -> voisins : [9]
 Atome  25 -> voisins : [10]
 Atome  26 -> voisins : [11]
 Atome  27 -> voisins : [12]
 Atome  28 -> voisins : [14]
 Atome  29 -> voisins : [15]
 Atome  30 -> voisins : [18]

 Cycles détectés automatiquement
 ------------------------------
 Cycle  1 | type = ELEMENTAIRE   | taille = 6  | indices = [1, 2, 3, 4, 17, 18] | origine = AUTO        | cordes = 0  | statut = TRAITE
 Cycle  2 | type = ELEMENTAIRE   | taille = 6  | indices = [4, 5, 6, 7, 16, 17] | origine = AUTO        | cordes = 0  | statut = TRAITE
 Cycle  3 | type = ELEMENTAIRE   | taille = 6  | indices = [7, 8, 13, 14, 15, 16] | origine = AUTO        | cordes = 0  | statut = TRAITE
 Cycle  4 | type = ELEMENTAIRE   | taille = 6  | indices = [8, 9, 10, 11, 12, 13] | origine = AUTO        | cordes = 0  | statut = TRAITE
 Cycle  5 | type = PERIPHERAL    | taille = 10 | indices = [1, 2, 3, 4, 5, 6, 7, 16, 17, 18] | origine = AUTO        | cordes = 1  | statut = TRAITE
 Cycle  6 | type = PERIPHERAL    | taille = 10 | indices = [4, 5, 6, 7, 8, 13, 14, 15, 16, 17] | origine = AUTO        | cordes = 1  | statut = TRAITE
 Cycle  7 | type = PERIPHERAL    | taille = 10 | indices = [7, 8, 9, 10, 11, 12, 13, 14, 15, 16] | origine = AUTO        | cordes = 1  | statut = TRAITE
 Cycle  8 | type = PERIPHERAL    | taille = 14 | indices = [1, 2, 3, 4, 5, 6, 7, 8, 13, 14, 15, 16, 17, 18] | origine = AUTO        | cordes = 2  | statut = TRAITE
 Cycle  9 | type = PERIPHERAL    | taille = 14 | indices = [4, 5, 6, 7, 8, 9, 10, 11, 12, 13, 14, 15, 16, 17] | origine = AUTO        | cordes = 2  | statut = TRAITE
 Cycle 10 | type = NON TRAITABLE | taille = 18 | indices = [1, 2, 3, 4, 5, 6, 7, 8, 9, 10, 11, 12, 13, 14, 15, 16, 17, 18] | origine = AUTO        | cordes = 3  | statut = NON TRAITE EN V2


===============================================================
                 LDM DETAILED ANALYSIS
===============================================================
 Reference type      : EG
 epsilon_O           : 0.583333
 epsilon_P           : 0.166667
 epsilon_M           : 0.083333
 N_A (default C)     : 6.000000
 N_A per site        : Z of each atom in the cycle (auto from geometry)
 lambda (benzene EG) : 4.500000
 lambda formula      : lambda_k = Z_k - sum(off-diagonal row k)
===============================================================

===============================================================
 Cycle number        : 1
 Cycle type          : ELEMENTAIRE
 Cycle size          : 6
 Cycle indices       : [1, 2, 3, 4, 17, 18]
 N_A per site (Z)    : [6, 6, 6, 6, 6, 6]
 Cycle status        : TRAITE
 Cycle origin        : AUTO
 N_pi reference      : 3
 Number of orbits    : 3
 Lambda              : 4.500000
 Symmetric submatrix : True
 Max asymmetry       : 0.000000e+00

REAL LDM SUBMATRIX
------------------------------
 3.976700 0.654500 0.036200 0.033600 0.033700 0.733200
 0.654500 3.980500 0.735600 0.033800 0.034400 0.035600
 0.036200 0.735600 3.974100 0.634800 0.029600 0.050200
 0.033600 0.033800 0.634800 3.895200 0.620800 0.030700
 0.033700 0.034400 0.029600 0.620800 3.891000 0.639300
 0.733200 0.035600 0.050200 0.030700 0.639300 3.975700

REFERENCE MATRIX (6x6)
------------------------------
 4.500000 0.583333 0.083333 0.166667 0.083333 0.583333
 0.583333 4.500000 0.583333 0.083333 0.166667 0.083333
 0.083333 0.583333 4.500000 0.583333 0.083333 0.166667
 0.166667 0.083333 0.583333 4.500000 0.583333 0.083333
 0.083333 0.166667 0.083333 0.583333 4.500000 0.583333
 0.583333 0.083333 0.166667 0.083333 0.583333 4.500000

DIFFERENCE MATRIX : DELTA = REAL - REFERENCE
------------------------------
 -0.523300 0.071167 -0.047133 -0.133067 -0.049633 0.149867
 0.071167 -0.519500 0.152267 -0.049533 -0.132267 -0.047733
 -0.047133 0.152267 -0.525900 0.051467 -0.053733 -0.116467
 -0.133067 -0.049533 0.051467 -0.604800 0.037467 -0.052633
 -0.049633 -0.132267 -0.053733 0.037467 -0.609000 0.055967
 0.149867 -0.047733 -0.116467 -0.052633 0.055967 -0.524300

DISTANCES AND CONTRIBUTIONS
------------------------------
 Frobenius distance (full) : 1.440597
 Diagonal contribution     : 1.353458
 Off-diagonal contribution : 0.493427
 RMS matricielle           : 0.240099
 RMS hors diagonale        : 0.090087
 Final rank                : 1

Q WEIGHTED ANALYSIS
------------------------------
 Q Frobenius offdiag       : 0.278965
 Q RMS offdiag             : 0.050932

CHARGE TRANSFER ANALYSIS
------------------------------
 N_ref cycle               : 36.000000
 Population real (sum LDM) : 32.365200
 CT absolute               : -3.634800
 CT relative (%)           : -10.096667

AROMATIC HOMOGENEITY INDEX
------------------------------
 Number of unique pairs    : 15
 S_cycle_hom               : 0.404554

HOMOGENEITY ANALYSIS BY ORBIT
------------------------------
 Orbit       n pairs          S_orb          sigma            H_k
 ----------------------------------------------------------------------
 ortho             6       0.938988       0.052635       0.946920
 meta              6       0.080825       0.005392       0.937458
 para              3       0.110475       0.020845       0.841264

DETAIL OF x_ij = LDM_ij * r_ij BY ORBIT
------------------------------
 Orbit      Pair                     x_ij
 -------------------------------------------------
 ortho      (1, 2)               0.921454
 ortho      (1, 18)              1.011186
 ortho      (2, 3)               1.012472
 ortho      (3, 4)               0.898288
 ortho      (4, 17)              0.884719
 ortho      (17, 18)             0.905806
 meta       (1, 3)               0.087073
 meta       (1, 17)              0.082208
 meta       (2, 4)               0.082121
 meta       (2, 18)              0.086159
 meta       (3, 17)              0.072764
 meta       (4, 18)              0.074628
 para       (1, 4)               0.094033
 para       (2, 17)              0.097506
 para       (3, 18)              0.139887

 Corrected orbit-homogeneity index (S_hom) : 0.404554

ORBIT SUMMARY
------------------------------
 Orbit       n pairs     Ref. val    Mean real     Contrib.
 --------------------------------------------------------------
 ortho             6     0.583333     0.669700     0.240613
 meta              6     0.083333     0.033267     0.122779
 para              3     0.166667     0.039400     0.220830

ORBIT HOMOGENEITY SUMMARY
------------------------------
 Orbit       n pairs        S_orb        sigma            H
 ------------------------------------------------------------
 ortho             6     0.938988     0.052635     0.946920
 meta              6     0.080825     0.005392     0.937458
 para              3     0.110475     0.020845     0.841264

DETAILED ORBIT PAIR TABLE
------------------------------
 Orbit      Pair                   Real    Reference   Difference
 ----------------------------------------------------------------
 ortho      (1, 2)             0.654500     0.583333     0.071167
 ortho      (1, 18)            0.733200     0.583333     0.149867
 ortho      (2, 3)             0.735600     0.583333     0.152267
 ortho      (3, 4)             0.634800     0.583333     0.051467
 ortho      (4, 17)            0.620800     0.583333     0.037467
 ortho      (17, 18)           0.639300     0.583333     0.055967
 meta       (1, 3)             0.036200     0.083333    -0.047133
 meta       (1, 17)            0.033700     0.083333    -0.049633
 meta       (2, 4)             0.033800     0.083333    -0.049533
 meta       (2, 18)            0.035600     0.083333    -0.047733
 meta       (3, 17)            0.029600     0.083333    -0.053733
 meta       (4, 18)            0.030700     0.083333    -0.052633
 para       (1, 4)             0.033600     0.166667    -0.133067
 para       (2, 17)            0.034400     0.166667    -0.132267
 para       (3, 18)            0.050200     0.166667    -0.116467

===============================================================
 Cycle number        : 4
 Cycle type          : ELEMENTAIRE
 Cycle size          : 6
 Cycle indices       : [8, 9, 10, 11, 12, 13]
 N_A per site (Z)    : [6, 6, 6, 6, 6, 6]
 Cycle status        : TRAITE
 Cycle origin        : AUTO
 N_pi reference      : 3
 Number of orbits    : 3
 Lambda              : 4.500000
 Symmetric submatrix : True
 Max asymmetry       : 0.000000e+00

REAL LDM SUBMATRIX
------------------------------
 3.891000 0.639300 0.033700 0.034400 0.029600 0.620800
 0.639300 3.975700 0.733200 0.035600 0.050200 0.030700
 0.033700 0.733200 3.976600 0.654500 0.036200 0.033600
 0.034400 0.035600 0.654500 3.980300 0.735600 0.033800
 0.029600 0.050200 0.036200 0.735600 3.974100 0.634800
 0.620800 0.030700 0.033600 0.033800 0.634800 3.895200

REFERENCE MATRIX (6x6)
------------------------------
 4.500000 0.583333 0.083333 0.166667 0.083333 0.583333
 0.583333 4.500000 0.583333 0.083333 0.166667 0.083333
 0.083333 0.583333 4.500000 0.583333 0.083333 0.166667
 0.166667 0.083333 0.583333 4.500000 0.583333 0.083333
 0.083333 0.166667 0.083333 0.583333 4.500000 0.583333
 0.583333 0.083333 0.166667 0.083333 0.583333 4.500000

DIFFERENCE MATRIX : DELTA = REAL - REFERENCE
------------------------------
 -0.609000 0.055967 -0.049633 -0.132267 -0.053733 0.037467
 0.055967 -0.524300 0.149867 -0.047733 -0.116467 -0.052633
 -0.049633 0.149867 -0.523400 0.071167 -0.047133 -0.133067
 -0.132267 -0.047733 0.071167 -0.519700 0.152267 -0.049533
 -0.053733 -0.116467 -0.047133 0.152267 -0.525900 0.051467
 0.037467 -0.052633 -0.133067 -0.049533 0.051467 -0.604800

DISTANCES AND CONTRIBUTIONS
------------------------------
 Frobenius distance (full) : 1.440705
 Diagonal contribution     : 1.353573
 Off-diagonal contribution : 0.493427
 RMS matricielle           : 0.240118
 RMS hors diagonale        : 0.090087
 Final rank                : 2

Q WEIGHTED ANALYSIS
------------------------------
 Q Frobenius offdiag       : 0.278965
 Q RMS offdiag             : 0.050932

CHARGE TRANSFER ANALYSIS
------------------------------
 N_ref cycle               : 36.000000
 Population real (sum LDM) : 32.364900
 CT absolute               : -3.635100
 CT relative (%)           : -10.097500

AROMATIC HOMOGENEITY INDEX
------------------------------
 Number of unique pairs    : 15
 S_cycle_hom               : 0.404554

HOMOGENEITY ANALYSIS BY ORBIT
------------------------------
 Orbit       n pairs          S_orb          sigma            H_k
 ----------------------------------------------------------------------
 ortho             6       0.938988       0.052635       0.946920
 meta              6       0.080825       0.005392       0.937458
 para              3       0.110475       0.020845       0.841264

DETAIL OF x_ij = LDM_ij * r_ij BY ORBIT
------------------------------
 Orbit      Pair                     x_ij
 -------------------------------------------------
 ortho      (8, 9)               0.905806
 ortho      (8, 13)              0.884719
 ortho      (9, 10)              1.011186
 ortho      (10, 11)             0.921454
 ortho      (11, 12)             1.012472
 ortho      (12, 13)             0.898288
 meta       (8, 10)              0.082208
 meta       (8, 12)              0.072764
 meta       (9, 11)              0.086159
 meta       (9, 13)              0.074628
 meta       (10, 12)             0.087073
 meta       (11, 13)             0.082121
 para       (8, 11)              0.097506
 para       (9, 12)              0.139887
 para       (10, 13)             0.094033

 Corrected orbit-homogeneity index (S_hom) : 0.404554

ORBIT SUMMARY
------------------------------
 Orbit       n pairs     Ref. val    Mean real     Contrib.
 --------------------------------------------------------------
 ortho             6     0.583333     0.669700     0.240613
 meta              6     0.083333     0.033267     0.122779
 para              3     0.166667     0.039400     0.220830

ORBIT HOMOGENEITY SUMMARY
------------------------------
 Orbit       n pairs        S_orb        sigma            H
 ------------------------------------------------------------
 ortho             6     0.938988     0.052635     0.946920
 meta              6     0.080825     0.005392     0.937458
 para              3     0.110475     0.020845     0.841264

DETAILED ORBIT PAIR TABLE
------------------------------
 Orbit      Pair                   Real    Reference   Difference
 ----------------------------------------------------------------
 ortho      (8, 9)             0.639300     0.583333     0.055967
 ortho      (8, 13)            0.620800     0.583333     0.037467
 ortho      (9, 10)            0.733200     0.583333     0.149867
 ortho      (10, 11)           0.654500     0.583333     0.071167
 ortho      (11, 12)           0.735600     0.583333     0.152267
 ortho      (12, 13)           0.634800     0.583333     0.051467
 meta       (8, 10)            0.033700     0.083333    -0.049633
 meta       (8, 12)            0.029600     0.083333    -0.053733
 meta       (9, 11)            0.035600     0.083333    -0.047733
 meta       (9, 13)            0.030700     0.083333    -0.052633
 meta       (10, 12)           0.036200     0.083333    -0.047133
 meta       (11, 13)           0.033800     0.083333    -0.049533
 para       (8, 11)            0.034400     0.166667    -0.132267
 para       (9, 12)            0.050200     0.166667    -0.116467
 para       (10, 13)           0.033600     0.166667    -0.133067

===============================================================
 Cycle number        : 2
 Cycle type          : ELEMENTAIRE
 Cycle size          : 6
 Cycle indices       : [4, 5, 6, 7, 16, 17]
 N_A per site (Z)    : [6, 6, 6, 6, 6, 6]
 Cycle status        : TRAITE
 Cycle origin        : AUTO
 N_pi reference      : 3
 Number of orbits    : 3
 Lambda              : 4.500000
 Symmetric submatrix : True
 Max asymmetry       : 0.000000e+00

REAL LDM SUBMATRIX
------------------------------
 3.895200 0.603100 0.033100 0.020700 0.026500 0.620800
 0.603100 3.971000 0.772200 0.033400 0.031600 0.027800
 0.033100 0.772200 3.972700 0.605900 0.029300 0.026700
 0.020700 0.033400 0.605900 3.897000 0.651300 0.027300
 0.026500 0.031600 0.029300 0.651300 3.897000 0.580800
 0.620800 0.027800 0.026700 0.027300 0.580800 3.891000

REFERENCE MATRIX (6x6)
------------------------------
 4.500000 0.583333 0.083333 0.166667 0.083333 0.583333
 0.583333 4.500000 0.583333 0.083333 0.166667 0.083333
 0.083333 0.583333 4.500000 0.583333 0.083333 0.166667
 0.166667 0.083333 0.583333 4.500000 0.583333 0.083333
 0.083333 0.166667 0.083333 0.583333 4.500000 0.583333
 0.583333 0.083333 0.166667 0.083333 0.583333 4.500000

DIFFERENCE MATRIX : DELTA = REAL - REFERENCE
------------------------------
 -0.604800 0.019767 -0.050233 -0.145967 -0.056833 0.037467
 0.019767 -0.529000 0.188867 -0.049933 -0.135067 -0.055533
 -0.050233 0.188867 -0.527300 0.022567 -0.054033 -0.139967
 -0.145967 -0.049933 0.022567 -0.603000 0.067967 -0.056033
 -0.056833 -0.135067 -0.054033 0.067967 -0.603000 -0.002533
 0.037467 -0.055533 -0.139967 -0.056033 -0.002533 -0.609000

DISTANCES AND CONTRIBUTIONS
------------------------------
 Frobenius distance (full) : 1.503339
 Diagonal contribution     : 1.421889
 Off-diagonal contribution : 0.488119
 RMS matricielle           : 0.250557
 RMS hors diagonale        : 0.089118
 Final rank                : 3

Q WEIGHTED ANALYSIS
------------------------------
 Q Frobenius offdiag       : 0.256568
 Q RMS offdiag             : 0.046843

CHARGE TRANSFER ANALYSIS
------------------------------
 N_ref cycle               : 36.000000
 Population real (sum LDM) : 31.704900
 CT absolute               : -4.295100
 CT relative (%)           : -11.930833

AROMATIC HOMOGENEITY INDEX
------------------------------
 Number of unique pairs    : 15
 S_cycle_hom               : 0.375354

HOMOGENEITY ANALYSIS BY ORBIT
------------------------------
 Orbit       n pairs          S_orb          sigma            H_k
 ----------------------------------------------------------------------
 ortho             6       0.904523       0.070070       0.928103
 meta              6       0.072572       0.006173       0.921612
 para              3       0.074631       0.012368       0.857841

DETAIL OF x_ij = LDM_ij * r_ij BY ORBIT
------------------------------
 Orbit      Pair                     x_ij
 -------------------------------------------------
 ortho      (4, 5)               0.859813
 ortho      (4, 17)              0.884719
 ortho      (5, 6)               1.051365
 ortho      (6, 7)               0.866370
 ortho      (7, 16)              0.921637
 ortho      (16, 17)             0.843234
 meta       (4, 6)               0.080411
 meta       (4, 16)              0.065779
 meta       (5, 7)               0.081457
 meta       (5, 17)              0.068311
 meta       (6, 16)              0.071713
 meta       (7, 17)              0.067759
 para       (4, 7)               0.059087
 para       (5, 16)              0.089347
 para       (6, 17)              0.075459

 Corrected orbit-homogeneity index (S_hom) : 0.375354

ORBIT SUMMARY
------------------------------
 Orbit       n pairs     Ref. val    Mean real     Contrib.
 --------------------------------------------------------------
 ortho             6     0.583333     0.639017     0.206398
 meta              6     0.083333     0.029567     0.131871
 para              3     0.166667     0.026333     0.243187

ORBIT HOMOGENEITY SUMMARY
------------------------------
 Orbit       n pairs        S_orb        sigma            H
 ------------------------------------------------------------
 ortho             6     0.904523     0.070070     0.928103
 meta              6     0.072572     0.006173     0.921612
 para              3     0.074631     0.012368     0.857841

DETAILED ORBIT PAIR TABLE
------------------------------
 Orbit      Pair                   Real    Reference   Difference
 ----------------------------------------------------------------
 ortho      (4, 5)             0.603100     0.583333     0.019767
 ortho      (4, 17)            0.620800     0.583333     0.037467
 ortho      (5, 6)             0.772200     0.583333     0.188867
 ortho      (6, 7)             0.605900     0.583333     0.022567
 ortho      (7, 16)            0.651300     0.583333     0.067967
 ortho      (16, 17)           0.580800     0.583333    -0.002533
 meta       (4, 6)             0.033100     0.083333    -0.050233
 meta       (4, 16)            0.026500     0.083333    -0.056833
 meta       (5, 7)             0.033400     0.083333    -0.049933
 meta       (5, 17)            0.027800     0.083333    -0.055533
 meta       (6, 16)            0.029300     0.083333    -0.054033
 meta       (7, 17)            0.027300     0.083333    -0.056033
 para       (4, 7)             0.020700     0.166667    -0.145967
 para       (5, 16)            0.031600     0.166667    -0.135067
 para       (6, 17)            0.026700     0.166667    -0.139967

===============================================================
 Cycle number        : 3
 Cycle type          : ELEMENTAIRE
 Cycle size          : 6
 Cycle indices       : [7, 8, 13, 14, 15, 16]
 N_A per site (Z)    : [6, 6, 6, 6, 6, 6]
 Cycle status        : TRAITE
 Cycle origin        : AUTO
 N_pi reference      : 3
 Number of orbits    : 3
 Lambda              : 4.500000
 Symmetric submatrix : True
 Max asymmetry       : 0.000000e+00

REAL LDM SUBMATRIX
------------------------------
 3.897000 0.580800 0.026500 0.031600 0.029300 0.651300
 0.580800 3.891000 0.620800 0.027800 0.026700 0.027300
 0.026500 0.620800 3.895200 0.603100 0.033100 0.020700
 0.031600 0.027800 0.603100 3.971000 0.772200 0.033400
 0.029300 0.026700 0.033100 0.772200 3.972700 0.605900
 0.651300 0.027300 0.020700 0.033400 0.605900 3.897000

REFERENCE MATRIX (6x6)
------------------------------
 4.500000 0.583333 0.083333 0.166667 0.083333 0.583333
 0.583333 4.500000 0.583333 0.083333 0.166667 0.083333
 0.083333 0.583333 4.500000 0.583333 0.083333 0.166667
 0.166667 0.083333 0.583333 4.500000 0.583333 0.083333
 0.083333 0.166667 0.083333 0.583333 4.500000 0.583333
 0.583333 0.083333 0.166667 0.083333 0.583333 4.500000

DIFFERENCE MATRIX : DELTA = REAL - REFERENCE
------------------------------
 -0.603000 -0.002533 -0.056833 -0.135067 -0.054033 0.067967
 -0.002533 -0.609000 0.037467 -0.055533 -0.139967 -0.056033
 -0.056833 0.037467 -0.604800 0.019767 -0.050233 -0.145967
 -0.135067 -0.055533 0.019767 -0.529000 0.188867 -0.049933
 -0.054033 -0.139967 -0.050233 0.188867 -0.527300 0.022567
 0.067967 -0.056033 -0.145967 -0.049933 0.022567 -0.603000

DISTANCES AND CONTRIBUTIONS
------------------------------
 Frobenius distance (full) : 1.503339
 Diagonal contribution     : 1.421889
 Off-diagonal contribution : 0.488119
 RMS matricielle           : 0.250557
 RMS hors diagonale        : 0.089118
 Final rank                : 3

Q WEIGHTED ANALYSIS
------------------------------
 Q Frobenius offdiag       : 0.256568
 Q RMS offdiag             : 0.046843

CHARGE TRANSFER ANALYSIS
------------------------------
 N_ref cycle               : 36.000000
 Population real (sum LDM) : 31.704900
 CT absolute               : -4.295100
 CT relative (%)           : -11.930833

AROMATIC HOMOGENEITY INDEX
------------------------------
 Number of unique pairs    : 15
 S_cycle_hom               : 0.375354

HOMOGENEITY ANALYSIS BY ORBIT
------------------------------
 Orbit       n pairs          S_orb          sigma            H_k
 ----------------------------------------------------------------------
 ortho             6       0.904523       0.070070       0.928103
 meta              6       0.072572       0.006173       0.921612
 para              3       0.074631       0.012368       0.857841

DETAIL OF x_ij = LDM_ij * r_ij BY ORBIT
------------------------------
 Orbit      Pair                     x_ij
 -------------------------------------------------
 ortho      (7, 8)               0.843234
 ortho      (7, 16)              0.921637
 ortho      (8, 13)              0.884719
 ortho      (13, 14)             0.859813
 ortho      (14, 15)             1.051365
 ortho      (15, 16)             0.866370
 meta       (7, 13)              0.065779
 meta       (7, 15)              0.071713
 meta       (8, 14)              0.068311
 meta       (8, 16)              0.067759
 meta       (13, 15)             0.080411
 meta       (14, 16)             0.081457
 para       (7, 14)              0.089347
 para       (8, 15)              0.075459
 para       (13, 16)             0.059087

 Corrected orbit-homogeneity index (S_hom) : 0.375354

ORBIT SUMMARY
------------------------------
 Orbit       n pairs     Ref. val    Mean real     Contrib.
 --------------------------------------------------------------
 ortho             6     0.583333     0.639017     0.206398
 meta              6     0.083333     0.029567     0.131871
 para              3     0.166667     0.026333     0.243187

ORBIT HOMOGENEITY SUMMARY
------------------------------
 Orbit       n pairs        S_orb        sigma            H
 ------------------------------------------------------------
 ortho             6     0.904523     0.070070     0.928103
 meta              6     0.072572     0.006173     0.921612
 para              3     0.074631     0.012368     0.857841

DETAILED ORBIT PAIR TABLE
------------------------------
 Orbit      Pair                   Real    Reference   Difference
 ----------------------------------------------------------------
 ortho      (7, 8)             0.580800     0.583333    -0.002533
 ortho      (7, 16)            0.651300     0.583333     0.067967
 ortho      (8, 13)            0.620800     0.583333     0.037467
 ortho      (13, 14)           0.603100     0.583333     0.019767
 ortho      (14, 15)           0.772200     0.583333     0.188867
 ortho      (15, 16)           0.605900     0.583333     0.022567
 meta       (7, 13)            0.026500     0.083333    -0.056833
 meta       (7, 15)            0.029300     0.083333    -0.054033
 meta       (8, 14)            0.027800     0.083333    -0.055533
 meta       (8, 16)            0.027300     0.083333    -0.056033
 meta       (13, 15)           0.033100     0.083333    -0.050233
 meta       (14, 16)           0.033400     0.083333    -0.049933
 para       (7, 14)            0.031600     0.166667    -0.135067
 para       (8, 15)            0.026700     0.166667    -0.139967
 para       (13, 16)           0.020700     0.166667    -0.145967

===============================================================
 Cycle number        : 5
 Cycle type          : PERIPHERAL
 Cycle size          : 10
 Cycle indices       : [1, 2, 3, 4, 5, 6, 7, 16, 17, 18]
 N_A per site (Z)    : [6, 6, 6, 6, 6, 6, 6, 6, 6, 6]
 Cycle status        : TRAITE
 Cycle origin        : AUTO
 N_pi reference      : 5
 Number of orbits    : 5
 Lambda              : 4.500000
 Symmetric submatrix : True
 Max asymmetry       : 0.000000e+00

REAL LDM SUBMATRIX
------------------------------
 3.976700 0.654500 0.036200 0.033600 0.002900 0.012500 0.002200 0.011500 0.033700 0.733200
 0.654500 3.980500 0.735600 0.033800 0.011100 0.002700 0.007700 0.002500 0.034400 0.035600
 0.036200 0.735600 3.974100 0.634800 0.031000 0.017000 0.002200 0.004500 0.029600 0.050200
 0.033600 0.033800 0.634800 3.895200 0.603100 0.033100 0.020700 0.026500 0.620800 0.030700
 0.002900 0.011100 0.031000 0.603100 3.971000 0.772200 0.033400 0.031600 0.027800 0.004200
 0.012500 0.002700 0.017000 0.033100 0.772200 3.972700 0.605900 0.029300 0.026700 0.002400
 0.002200 0.007700 0.002200 0.020700 0.033400 0.605900 3.897000 0.651300 0.027300 0.010100
 0.011500 0.002500 0.004500 0.026500 0.031600 0.029300 0.651300 3.897000 0.580800 0.026500
 0.033700 0.034400 0.029600 0.620800 0.027800 0.026700 0.027300 0.580800 3.891000 0.639300
 0.733200 0.035600 0.050200 0.030700 0.004200 0.002400 0.010100 0.026500 0.639300 3.975700

REFERENCE MATRIX (10x10)
------------------------------
 4.500000 0.550000 0.050000 0.050000 0.050000 0.100000 0.050000 0.050000 0.050000 0.550000
 0.550000 4.500000 0.550000 0.050000 0.050000 0.050000 0.100000 0.050000 0.050000 0.050000
 0.050000 0.550000 4.500000 0.550000 0.050000 0.050000 0.050000 0.100000 0.050000 0.050000
 0.050000 0.050000 0.550000 4.500000 0.550000 0.050000 0.050000 0.050000 0.550000 0.050000
 0.050000 0.050000 0.050000 0.550000 4.500000 0.550000 0.050000 0.050000 0.050000 0.100000
 0.100000 0.050000 0.050000 0.050000 0.550000 4.500000 0.550000 0.050000 0.050000 0.050000
 0.050000 0.100000 0.050000 0.050000 0.050000 0.550000 4.500000 0.550000 0.050000 0.050000
 0.050000 0.050000 0.100000 0.050000 0.050000 0.050000 0.550000 4.500000 0.550000 0.050000
 0.050000 0.050000 0.050000 0.550000 0.050000 0.050000 0.050000 0.550000 4.500000 0.550000
 0.550000 0.050000 0.050000 0.050000 0.100000 0.050000 0.050000 0.050000 0.550000 4.500000

DIFFERENCE MATRIX : DELTA = REAL - REFERENCE
------------------------------
 -0.523300 0.104500 -0.013800 -0.016400 -0.047100 -0.087500 -0.047800 -0.038500 -0.016300 0.183200
 0.104500 -0.519500 0.185600 -0.016200 -0.038900 -0.047300 -0.092300 -0.047500 -0.015600 -0.014400
 -0.013800 0.185600 -0.525900 0.084800 -0.019000 -0.033000 -0.047800 -0.095500 -0.020400 0.000200
 -0.016400 -0.016200 0.084800 -0.604800 0.053100 -0.016900 -0.029300 -0.023500 0.070800 -0.019300
 -0.047100 -0.038900 -0.019000 0.053100 -0.529000 0.222200 -0.016600 -0.018400 -0.022200 -0.095800
 -0.087500 -0.047300 -0.033000 -0.016900 0.222200 -0.527300 0.055900 -0.020700 -0.023300 -0.047600
 -0.047800 -0.092300 -0.047800 -0.029300 -0.016600 0.055900 -0.603000 0.101300 -0.022700 -0.039900
 -0.038500 -0.047500 -0.095500 -0.023500 -0.018400 -0.020700 0.101300 -0.603000 0.030800 -0.023500
 -0.016300 -0.015600 -0.020400 0.070800 -0.022200 -0.023300 -0.022700 0.030800 -0.609000 0.089300
 0.183200 -0.014400 0.000200 -0.019300 -0.095800 -0.047600 -0.039900 -0.023500 0.089300 -0.524300

DISTANCES AND CONTRIBUTIONS
------------------------------
 Frobenius distance (full) : 1.889571
 Diagonal contribution     : 1.765489
 Off-diagonal contribution : 0.673443
 RMS matricielle           : 0.188957
 RMS hors diagonale        : 0.070987
 Final rank                : 4

Q WEIGHTED ANALYSIS
------------------------------
 Q Frobenius offdiag       : 0.425769
 Q RMS offdiag             : 0.044880

CHARGE TRANSFER ANALYSIS
------------------------------
 N_ref cycle               : 60.000000
 Population real (sum LDM) : 55.344300
 CT absolute               : -4.655700
 CT relative (%)           : -7.759500

AROMATIC HOMOGENEITY INDEX
------------------------------
 Number of unique pairs    : 45
 S_cycle_hom               : 0.232781

HOMOGENEITY ANALYSIS BY ORBIT
------------------------------
 Orbit       n pairs          S_orb          sigma            H_k
 ----------------------------------------------------------------------
 ortho            10       0.929163       0.068083       0.931729
 meta             10       0.078242       0.006864       0.919352
 para             10       0.074186       0.030217       0.710573
 d4               10       0.034796       0.029147       0.544178
 d5                5       0.204025       0.340791       0.374484

DETAIL OF x_ij = LDM_ij * r_ij BY ORBIT
------------------------------
 Orbit      Pair                     x_ij
 -------------------------------------------------
 ortho      (1, 2)               0.921454
 ortho      (1, 18)              1.011186
 ortho      (2, 3)               1.012472
 ortho      (3, 4)               0.898288
 ortho      (4, 5)               0.859813
 ortho      (5, 6)               1.051365
 ortho      (6, 7)               0.866370
 ortho      (7, 16)              0.921637
 ortho      (16, 17)             0.843234
 ortho      (17, 18)             0.905806
 meta       (1, 3)               0.087073
 meta       (1, 17)              0.082208
 meta       (2, 4)               0.082121
 meta       (2, 18)              0.086159
 meta       (3, 5)               0.076666
 meta       (4, 6)               0.080411
 meta       (5, 7)               0.081457
 meta       (6, 16)              0.071713
 meta       (7, 17)              0.067759
 meta       (16, 18)             0.066857
 para       (1, 4)               0.094033
 para       (1, 16)              0.043504
 para       (2, 5)               0.041445
 para       (2, 17)              0.097506
 para       (3, 6)               0.063241
 para       (3, 18)              0.139887
 para       (4, 7)               0.059087
 para       (5, 16)              0.089347
 para       (6, 17)              0.075459
 para       (7, 18)              0.038355
 d4         (1, 5)               0.012250
 d4         (1, 7)               0.010826
 d4         (2, 6)               0.013118
 d4         (2, 16)              0.010715
 d4         (3, 7)               0.009393
 d4         (3, 17)              0.072764
 d4         (4, 16)              0.065779
 d4         (4, 18)              0.074628
 d4         (5, 17)              0.068311
 d4         (6, 18)              0.010180
 d5         (1, 6)               0.063290
 d5         (2, 7)               0.039420
 d5         (3, 16)              0.017006
 d5         (4, 17)              0.884719
 d5         (5, 18)              0.015689

 Corrected orbit-homogeneity index (S_hom) : 0.232781

ORBIT SUMMARY
------------------------------
 Orbit       n pairs     Ref. val    Mean real     Contrib.
 --------------------------------------------------------------
 ortho            10     0.550000     0.661070     0.400778
 meta             10     0.050000     0.031990     0.057828
 para             10     0.050000     0.024690     0.089044
 d4               10     0.050000     0.012950     0.124021
 d5                5     0.100000     0.129940     0.198711

ORBIT HOMOGENEITY SUMMARY
------------------------------
 Orbit       n pairs        S_orb        sigma            H
 ------------------------------------------------------------
 ortho            10     0.929163     0.068083     0.931729
 meta             10     0.078242     0.006864     0.919352
 para             10     0.074186     0.030217     0.710573
 d4               10     0.034796     0.029147     0.544178
 d5                5     0.204025     0.340791     0.374484

DETAILED ORBIT PAIR TABLE
------------------------------
 Orbit      Pair                   Real    Reference   Difference
 ----------------------------------------------------------------
 ortho      (1, 2)             0.654500     0.550000     0.104500
 ortho      (1, 18)            0.733200     0.550000     0.183200
 ortho      (2, 3)             0.735600     0.550000     0.185600
 ortho      (3, 4)             0.634800     0.550000     0.084800
 ortho      (4, 5)             0.603100     0.550000     0.053100
 ortho      (5, 6)             0.772200     0.550000     0.222200
 ortho      (6, 7)             0.605900     0.550000     0.055900
 ortho      (7, 16)            0.651300     0.550000     0.101300
 ortho      (16, 17)           0.580800     0.550000     0.030800
 ortho      (17, 18)           0.639300     0.550000     0.089300
 meta       (1, 3)             0.036200     0.050000    -0.013800
 meta       (1, 17)            0.033700     0.050000    -0.016300
 meta       (2, 4)             0.033800     0.050000    -0.016200
 meta       (2, 18)            0.035600     0.050000    -0.014400
 meta       (3, 5)             0.031000     0.050000    -0.019000
 meta       (4, 6)             0.033100     0.050000    -0.016900
 meta       (5, 7)             0.033400     0.050000    -0.016600
 meta       (6, 16)            0.029300     0.050000    -0.020700
 meta       (7, 17)            0.027300     0.050000    -0.022700
 meta       (16, 18)           0.026500     0.050000    -0.023500
 para       (1, 4)             0.033600     0.050000    -0.016400
 para       (1, 16)            0.011500     0.050000    -0.038500
 para       (2, 5)             0.011100     0.050000    -0.038900
 para       (2, 17)            0.034400     0.050000    -0.015600
 para       (3, 6)             0.017000     0.050000    -0.033000
 para       (3, 18)            0.050200     0.050000     0.000200
 para       (4, 7)             0.020700     0.050000    -0.029300
 para       (5, 16)            0.031600     0.050000    -0.018400
 para       (6, 17)            0.026700     0.050000    -0.023300
 para       (7, 18)            0.010100     0.050000    -0.039900
 d4         (1, 5)             0.002900     0.050000    -0.047100
 d4         (1, 7)             0.002200     0.050000    -0.047800
 d4         (2, 6)             0.002700     0.050000    -0.047300
 d4         (2, 16)            0.002500     0.050000    -0.047500
 d4         (3, 7)             0.002200     0.050000    -0.047800
 d4         (3, 17)            0.029600     0.050000    -0.020400
 d4         (4, 16)            0.026500     0.050000    -0.023500
 d4         (4, 18)            0.030700     0.050000    -0.019300
 d4         (5, 17)            0.027800     0.050000    -0.022200
 d4         (6, 18)            0.002400     0.050000    -0.047600
 d5         (1, 6)             0.012500     0.100000    -0.087500
 d5         (2, 7)             0.007700     0.100000    -0.092300
 d5         (3, 16)            0.004500     0.100000    -0.095500
 ortho      (4, 17)            0.620800     0.550000     0.070800
 d5         (5, 18)            0.004200     0.100000    -0.095800

===============================================================
 Cycle number        : 7
 Cycle type          : PERIPHERAL
 Cycle size          : 10
 Cycle indices       : [7, 8, 9, 10, 11, 12, 13, 14, 15, 16]
 N_A per site (Z)    : [6, 6, 6, 6, 6, 6, 6, 6, 6, 6]
 Cycle status        : TRAITE
 Cycle origin        : AUTO
 N_pi reference      : 5
 Number of orbits    : 5
 Lambda              : 4.500000
 Symmetric submatrix : True
 Max asymmetry       : 0.000000e+00

REAL LDM SUBMATRIX
------------------------------
 3.897000 0.580800 0.026500 0.011500 0.002500 0.004500 0.026500 0.031600 0.029300 0.651300
 0.580800 3.891000 0.639300 0.033700 0.034400 0.029600 0.620800 0.027800 0.026700 0.027300
 0.026500 0.639300 3.975700 0.733200 0.035600 0.050200 0.030700 0.004200 0.002400 0.010100
 0.011500 0.033700 0.733200 3.976600 0.654500 0.036200 0.033600 0.002900 0.012500 0.002200
 0.002500 0.034400 0.035600 0.654500 3.980300 0.735600 0.033800 0.011100 0.002700 0.007700
 0.004500 0.029600 0.050200 0.036200 0.735600 3.974100 0.634800 0.031000 0.017000 0.002200
 0.026500 0.620800 0.030700 0.033600 0.033800 0.634800 3.895200 0.603100 0.033100 0.020700
 0.031600 0.027800 0.004200 0.002900 0.011100 0.031000 0.603100 3.971000 0.772200 0.033400
 0.029300 0.026700 0.002400 0.012500 0.002700 0.017000 0.033100 0.772200 3.972700 0.605900
 0.651300 0.027300 0.010100 0.002200 0.007700 0.002200 0.020700 0.033400 0.605900 3.897000

REFERENCE MATRIX (10x10)
------------------------------
 4.500000 0.550000 0.050000 0.050000 0.050000 0.100000 0.050000 0.050000 0.050000 0.550000
