           0           6           6           6           6           6           6           6           6           6           6           6           6           6           6           6           6           6           6           1           1           1           1           1           1           1           1           1           1           1           1
     6      3.9767      0.6545      0.0362      0.0336      0.0029      0.0125      0.0022      0.0005      0.0002      0.0001      0.0001      0.0001      0.0003      0.0017      0.0014      0.0115      0.0337      0.7332      0.4787      0.0223      0.0051      0.0002      0.0007      0.0000      0.0000      0.0000      0.0000      0.0001      0.0009      0.0244
     6      0.6545      3.9805      0.7356      0.0338      0.0111      0.0027      0.0077      0.0006      0.0011      0.0001      0.0013      0.0002      0.0018      0.0003      0.0019      0.0025      0.0344      0.0356      0.0223      0.4793      0.0244      0.0006      0.0002      0.0001      0.0000      0.0001      0.0000      0.0000      0.0003      0.0047
     6      0.0362      0.7356      3.9741      0.6348      0.0310      0.0170      0.0022      0.0009      0.0002      0.0001      0.0002      0.0000      0.0003      0.0007      0.0009      0.0045      0.0296      0.0502      0.0047      0.0251      0.4753      0.0057      0.0013      0.0001      0.0000      0.0000      0.0000      0.0001      0.0001      0.0026
     6      0.0336      0.0338      0.6348      3.8952      0.6031      0.0331      0.0207      0.0016      0.0018      0.0003      0.0018      0.0003      0.0028      0.0018      0.0062      0.0265      0.6208      0.0307      0.0018      0.0051      0.0218      0.0207      0.0049      0.0003      0.0000      0.0001      0.0000      0.0002      0.0003      0.0045
     6      0.0029      0.0111      0.0310      0.6031      3.9710      0.7722      0.0334      0.0118      0.0014      0.0017      0.0003      0.0007      0.0018      0.0126      0.0024      0.0316      0.0278      0.0042      0.0002      0.0010      0.0058      0.4750      0.0259      0.0010      0.0001      0.0000      0.0001      0.0007      0.0001      0.0008
     6      0.0125      0.0027      0.0170      0.0331      0.7722      3.9727      0.6059      0.0260      0.0110      0.0014      0.0019      0.0009      0.0062      0.0024      0.0040      0.0293      0.0267      0.0024      0.0007      0.0002      0.0008      0.0257      0.4684      0.0086      0.0001      0.0001      0.0002      0.0002      0.0008      0.0001
     6      0.0022      0.0077      0.0022      0.0207      0.0334      0.6059      3.8970      0.5808      0.0265      0.0115      0.0025      0.0045      0.0265      0.0316      0.0293      0.6513      0.0273      0.0101      0.0002      0.0004      0.0002      0.0052      0.0197      0.0029      0.0011      0.0002      0.0008      0.0016      0.0043      0.0005
     6      0.0005      0.0006      0.0009      0.0016      0.0118      0.0260      0.5808      3.8910      0.6393      0.0337      0.0344      0.0296      0.6208      0.0278      0.0267      0.0273      0.0041      0.0010      0.0001      0.0000      0.0000      0.0011      0.0032      0.0209      0.0050      0.0018      0.0046      0.0045      0.0014      0.0001
     6      0.0002      0.0011      0.0002      0.0018      0.0014      0.0110      0.0265      0.6393      3.9757      0.7332      0.0356      0.0502      0.0307      0.0042      0.0024      0.0101      0.0010      0.0010      0.0000      0.0001      0.0000      0.0001      0.0089      0.4689      0.0253      0.0047      0.0026      0.0008      0.0001      0.0001
     6      0.0001      0.0001      0.0001      0.0003      0.0017      0.0014      0.0115      0.0337      0.7332      3.9766      0.6545      0.0362      0.0336      0.0029      0.0125      0.0022      0.0005      0.0002      0.0000      0.0000      0.0000      0.0001      0.0009      0.0244      0.4788      0.0223      0.0051      0.0002      0.0007      0.0000
     6      0.0001      0.0013      0.0002      0.0018      0.0003      0.0019      0.0025      0.0344      0.0356      0.6545      3.9803      0.7356      0.0338      0.0111      0.0027      0.0077      0.0006      0.0011      0.0000      0.0001      0.0000      0.0000      0.0003      0.0047      0.0223      0.4794      0.0244      0.0006      0.0002      0.0001
     6      0.0001      0.0002      0.0000      0.0003      0.0007      0.0009      0.0045      0.0296      0.0502      0.0362      0.7356      3.9741      0.6348      0.0310      0.0170      0.0022      0.0009      0.0002      0.0000      0.0000      0.0000      0.0001      0.0001      0.0026      0.0047      0.0252      0.4753      0.0057      0.0013      0.0001
     6      0.0003      0.0018      0.0003      0.0028      0.0018      0.0062      0.0265      0.6208      0.0307      0.0336      0.0338      0.6348      3.8952      0.6031      0.0331      0.0207      0.0016      0.0018      0.0000      0.0001      0.0000      0.0002      0.0003      0.0045      0.0018      0.0051      0.0218      0.0207      0.0049      0.0003
     6      0.0017      0.0003      0.0007      0.0018      0.0126      0.0024      0.0316      0.0278      0.0042      0.0029      0.0111      0.0310      0.6031      3.9710      0.7722      0.0334      0.0118      0.0014      0.0001      0.0000      0.0001      0.0007      0.0001      0.0008      0.0002      0.0010      0.0058      0.4750      0.0259      0.0010
     6      0.0014      0.0019      0.0009      0.0062      0.0024      0.0040      0.0293      0.0267      0.0024      0.0125      0.0027      0.0170      0.0331      0.7722      3.9727      0.6059      0.0260      0.0110      0.0001      0.0001      0.0002      0.0002      0.0008      0.0001      0.0007      0.0002      0.0008      0.0257      0.4684      0.0086
     6      0.0115      0.0025      0.0045      0.0265      0.0316      0.0293      0.6513      0.0273      0.0101      0.0022      0.0077      0.0022      0.0207      0.0334      0.6059      3.8970      0.5808      0.0265      0.0011      0.0002      0.0008      0.0016      0.0043      0.0005      0.0002      0.0004      0.0002      0.0052      0.0197      0.0029
     6      0.0337      0.0344      0.0296      0.6208      0.0278      0.0267      0.0273      0.0041      0.0010      0.0005      0.0006      0.0009      0.0016      0.0118      0.0260      0.5808      3.8910      0.6393      0.0050      0.0018      0.0046      0.0045      0.0014      0.0001      0.0001      0.0000      0.0000      0.0011      0.0032      0.0209
     6      0.7332      0.0356      0.0502      0.0307      0.0042      0.0024      0.0101      0.0010      0.0010      0.0002      0.0011      0.0002      0.0018      0.0014      0.0110      0.0265      0.6393      3.9757      0.0253      0.0047      0.0026      0.0008      0.0001      0.0001      0.0000      0.0001      0.0000      0.0001      0.0089      0.4689
     1      0.4787      0.0223      0.0047      0.0018      0.0002      0.0007      0.0002      0.0001      0.0000      0.0000      0.0000      0.0000      0.0000      0.0001      0.0001      0.0011      0.0050      0.0253      0.4118      0.0027      0.0009      0.0000      0.0000      0.0000      0.0000      0.0000      0.0000      0.0000      0.0001      0.0032
     1      0.0223      0.4793      0.0251      0.0051      0.0010      0.0002      0.0004      0.0000      0.0001      0.0000      0.0001      0.0000      0.0001      0.0000      0.0001      0.0002      0.0018      0.0047      0.0027      0.4137      0.0030      0.0001      0.0001      0.0000      0.0000      0.0000      0.0000      0.0000      0.0001      0.0008
     1      0.0051      0.0244      0.4753      0.0218      0.0058      0.0008      0.0002      0.0000      0.0000      0.0000      0.0000      0.0000      0.0000      0.0001      0.0002      0.0008      0.0046      0.0026      0.0009      0.0030      0.4103      0.0044      0.0001      0.0000      0.0000      0.0000      0.0000      0.0000      0.0000      0.0002
     1      0.0002      0.0006      0.0057      0.0207      0.4750      0.0257      0.0052      0.0011      0.0001      0.0001      0.0000      0.0001      0.0002      0.0007      0.0002      0.0016      0.0045      0.0008      0.0000      0.0001      0.0044      0.4118      0.0034      0.0001      0.0000      0.0000      0.0000      0.0000      0.0000      0.0003
     1      0.0007      0.0002      0.0013      0.0049      0.0259      0.4684      0.0197      0.0032      0.0089      0.0009      0.0003      0.0001      0.0003      0.0001      0.0008      0.0043      0.0014      0.0001      0.0000      0.0001      0.0001      0.0034      0.4039      0.0145      0.0001      0.0001      0.0000      0.0000      0.0003      0.0000
     1      0.0000      0.0001      0.0001      0.0003      0.0010      0.0086      0.0029      0.0209      0.4689      0.0244      0.0047      0.0026      0.0045      0.0008      0.0001      0.0005      0.0001      0.0001      0.0000      0.0000      0.0000      0.0001      0.0145      0.4042      0.0032      0.0008      0.0002      0.0003      0.0000      0.0000
     1      0.0000      0.0000      0.0000      0.0000      0.0001      0.0001      0.0011      0.0050      0.0253      0.4788      0.0223      0.0047      0.0018      0.0002      0.0007      0.0002      0.0001      0.0000      0.0000      0.0000      0.0000      0.0000      0.0001      0.0032      0.4117      0.0027      0.0009      0.0000      0.0000      0.0000
     1      0.0000      0.0001      0.0000      0.0001      0.0000      0.0001      0.0002      0.0018      0.0047      0.0223      0.4794      0.0252      0.0051      0.0010      0.0002      0.0004      0.0000      0.0001      0.0000      0.0000      0.0000      0.0000      0.0001      0.0008      0.0027      0.4135      0.0030      0.0001      0.0001      0.0000
     1      0.0000      0.0000      0.0000      0.0000      0.0001      0.0002      0.0008      0.0046      0.0026      0.0051      0.0244      0.4753      0.0218      0.0058      0.0008      0.0002      0.0000      0.0000      0.0000      0.0000      0.0000      0.0000      0.0000      0.0002      0.0009      0.0030      0.4102      0.0044      0.0001      0.0000
     1      0.0001      0.0000      0.0001      0.0002      0.0007      0.0002      0.0016      0.0045      0.0008      0.0002      0.0006      0.0057      0.0207      0.4750      0.0257      0.0052      0.0011      0.0001      0.0000      0.0000      0.0000      0.0000      0.0000      0.0003      0.0000      0.0001      0.0044      0.4118      0.0034      0.0001
     1      0.0009      0.0003      0.0001      0.0003      0.0001      0.0008      0.0043      0.0014      0.0001      0.0007      0.0002      0.0013      0.0049      0.0259      0.4684      0.0197      0.0032      0.0089      0.0001      0.0001      0.0000      0.0000      0.0003      0.0000      0.0000      0.0001      0.0001      0.0034      0.4039      0.0145
     1      0.0244      0.0047      0.0026      0.0045      0.0008      0.0001      0.0005      0.0001      0.0001      0.0000      0.0001      0.0001      0.0003      0.0010      0.0086      0.0029      0.0209      0.4689      0.0032      0.0008      0.0002      0.0003      0.0000      0.0000      0.0000      0.0000      0.0000      0.0001      0.0145      0.4043
