           0           6           6           6           6           6           6           6           6           6           6           6           6           6           6           6           6           6           6           1           1           1           1           1           1           1           1           1           1           1           1
     6      0.0000      2.6605      4.5454      5.2886      7.9827      9.5680      9.2992     11.7773     14.0664     16.3710     16.8089     15.0288     12.3919     10.7933      8.2205      7.1488      4.6098      2.6062      2.0489      4.0910      6.4167      9.1484     11.5476     14.2800     18.0929     18.7858     15.8450     11.9673      7.4820      4.0039
     6      2.6605      0.0000      2.6010      4.5913      7.0559      9.1816      9.6744     12.3642     14.3300     16.8089     17.6416     16.1669     13.4928     12.3305      9.8199      8.0991      5.3564      4.5735      4.0859      2.0485      4.0460      7.6711     10.9689     14.1610     18.3430     19.6737     17.2476     13.7721      9.5194      6.4050
     6      4.5454      2.6010      0.0000      2.6741      4.6735      7.0299      8.0682     10.8117     12.4677     15.0288     16.1669     15.0014     12.3650     11.7002      9.3926      7.1415      4.6454      5.2659      6.3980      4.0446      2.0505      5.0783      8.6496     12.0435     16.4053     18.2154     16.3264     13.4028      9.6451      7.3090
     6      5.2886      4.5913      2.6741      0.0000      2.6941      4.5908      5.3941      8.1376      9.8526     12.3919     13.4928     12.3650      9.7491      9.2993      7.1809      4.6907      2.6931      4.5937      7.3375      6.4521      4.0748      4.0926      6.4251      9.5755     13.8286     15.5413     13.7533     11.1211      7.8463      6.4636
     6      7.9827      7.0559      4.6735      2.6941      0.0000      2.5729      4.6087      7.1135      8.1874     10.7933     12.3305     11.7002      9.2993      9.6139      8.0444      5.3431      4.6435      7.0592     10.0316      8.7140      5.0705      2.0504      3.9783      7.4749     11.9636     14.3499     13.3693     11.6152      9.2580      8.7341
     6      9.5680      9.1816      7.0299      4.5908      2.5729      0.0000      2.7021      4.7483      5.6145      8.2205      9.8199      9.3926      7.1809      8.0444      7.0878      4.6252      5.3407      8.0155     11.5704     10.9995      7.6354      4.0150      2.0435      5.0153      9.4229     11.8223     11.1827     10.0947      8.7330      9.2688
     6      9.2992      9.6744      8.0682      5.3941      4.6087      2.7021      0.0000      2.7436      4.7676      7.1488      8.0991      7.1415      4.6907      5.3431      4.6252      2.6741      4.6903      7.1762     11.1231     11.6722      9.2216      6.4666      4.1158      5.2316      8.7977     10.1476      8.7620      7.3934      6.4775      7.8836
     6     11.7773     12.3642     10.8117      8.1376      7.1135      4.7483      2.7436      0.0000      2.6775      4.6098      5.3564      4.6454      2.6931      4.6435      5.3407      4.6903      7.2043      9.4570     13.4833     14.3791     11.9210      8.7612      5.1722      4.1044      6.4575      7.4048      6.4865      6.4881      7.3839      9.7494
     6     14.0664     14.3300     12.4677      9.8526      8.1874      5.6145      4.7676      2.6775      0.0000      2.6062      4.5735      5.2659      4.5937      7.0592      8.0155      7.1762      9.4570     11.8872     15.8721     16.2800     13.2423      9.3907      4.9814      2.0440      4.0343      6.4228      7.3163      8.6816     10.0579     12.3458
     6     16.3710     16.8089     15.0288     12.3919     10.7933      8.2205      7.1488      4.6098      2.6062      0.0000      2.6605      4.5454      5.2886      7.9827      9.5680      9.2992     11.7773     14.0664     18.0929     18.7858     15.8450     11.9673      7.4820      4.0039      2.0489      4.0910      6.4167      9.1484     11.5476     14.2800
     6     16.8089     17.6416     16.1669     13.4928     12.3305      9.8199      8.0991      5.3564      4.5735      2.6605      0.0000      2.6010      4.5913      7.0559      9.1816      9.6744     12.3642     14.3300     18.3430     19.6737     17.2476     13.7721      9.5194      6.4050      4.0859      2.0485      4.0460      7.6711     10.9689     14.1610
     6     15.0288     16.1669     15.0014     12.3650     11.7002      9.3926      7.1415      4.6454      5.2659      4.5454      2.6010      0.0000      2.6741      4.6735      7.0299      8.0682     10.8117     12.4677     16.4053     18.2154     16.3264     13.4028      9.6451      7.3090      6.3980      4.0446      2.0505      5.0783      8.6496     12.0435
     6     12.3919     13.4928     12.3650      9.7491      9.2993      7.1809      4.6907      2.6931      4.5937      5.2886      4.5913      2.6741      0.0000      2.6941      4.5908      5.3941      8.1376      9.8526     13.8286     15.5413     13.7533     11.1211      7.8463      6.4636      7.3375      6.4521      4.0748      4.0926      6.4251      9.5755
     6     10.7933     12.3305     11.7002      9.2993      9.6139      8.0444      5.3431      4.6435      7.0592      7.9827      7.0559      4.6735      2.6941      0.0000      2.5729      4.6087      7.1135      8.1874     11.9636     14.3499     13.3693     11.6152      9.2580      8.7341     10.0316      8.7140      5.0705      2.0504      3.9783      7.4749
     6      8.2205      9.8199      9.3926      7.1809      8.0444      7.0878      4.6252      5.3407      8.0155      9.5680      9.1816      7.0299      4.5908      2.5729      0.0000      2.7021      4.7483      5.6145      9.4229     11.8223     11.1827     10.0947      8.7330      9.2688     11.5704     10.9995      7.6354      4.0150      2.0435      5.0153
     6      7.1488      8.0991      7.1415      4.6907      5.3431      4.6252      2.6741      4.6903      7.1762      9.2992      9.6744      8.0682      5.3941      4.6087      2.7021      0.0000      2.7436      4.7676      8.7977     10.1476      8.7620      7.3934      6.4775      7.8836     11.1231     11.6722      9.2216      6.4666      4.1158      5.2316
     6      4.6098      5.3564      4.6454      2.6931      4.6435      5.3407      4.6903      7.2043      9.4570     11.7773     12.3642     10.8117      8.1376      7.1135      4.7483      2.7436      0.0000      2.6775      6.4575      7.4048      6.4865      6.4881      7.3839      9.7494     13.4833     14.3791     11.9210      8.7612      5.1722      4.1044
     6      2.6062      4.5735      5.2659      4.5937      7.0592      8.0155      7.1762      9.4570     11.8872     14.0664     14.3300     12.4677      9.8526      8.1874      5.6145      4.7676      2.6775      0.0000      4.0343      6.4228      7.3163      8.6816     10.0579     12.3458     15.8721     16.2800     13.2423      9.3907      4.9814      2.0440
     1      2.0489      4.0859      6.3980      7.3375     10.0316     11.5704     11.1231     13.4833     15.8721     18.0929     18.3430     16.4053     13.8286     11.9636      9.4229      8.7977      6.4575      4.0343      0.0000      4.7052      8.1080     11.1655     13.5662     16.1992     19.8770     20.2743     17.0306     12.8757      8.2963      4.5910
     1      4.0910      2.0485      4.0446      6.4521      8.7140     10.9995     11.6722     14.3791     16.2800     18.7858     19.6737     18.2154     15.5413     14.3499     11.8223     10.1476      7.4048      6.4228      4.7052      0.0000      4.6765      8.9820     12.6850     16.0096     20.2743     21.7089     19.2874     15.7438     11.4041      8.0794
     1      6.4167      4.0460      2.0505      4.0748      5.0705      7.6354      9.2216     11.9210     13.2423     15.8450     17.2476     16.3264     13.7533     13.3693     11.1827      8.7620      6.4865      7.3163      8.1080      4.6765      0.0000      4.6101      8.8953     12.5132     17.0306     19.2874     17.7896     15.1620     11.5945      9.3595
     1      9.1484      7.6711      5.0783      4.0926      2.0504      4.0150      6.4666      8.7612      9.3907     11.9673     13.7721     13.4028     11.1211     11.6152     10.0947      7.3934      6.4881      8.6816     11.1655      8.9820      4.6101      0.0000      4.5800      8.2859     12.8757     15.7438     15.1620     13.6311     11.2806     10.4973
     1     11.5476     10.9689      8.6496      6.4251      3.9783      2.0435      4.1158      5.1722      4.9814      7.4820      9.5194      9.6451      7.8463      9.2580      8.7330      6.4775      7.3839     10.0579     13.5662     12.6850      8.8953      4.5800      0.0000      3.7060      8.2963     11.4041     11.5945     11.2806     10.5188     11.2931
     1     14.2800     14.1610     12.0435      9.5755      7.4749      5.0153      5.2316      4.1044      2.0440      4.0039      6.4050      7.3090      6.4636      8.7341      9.2688      7.8836      9.7494     12.3458     16.1992     16.0096     12.5132      8.2859      3.7060      0.0000      4.5910      8.0794      9.3595     10.4973     11.2931     13.1107
     1     18.0929     18.3430     16.4053     13.8286     11.9636      9.4229      8.7977      6.4575      4.0343      2.0489      4.0859      6.3980      7.3375     10.0316     11.5704     11.1231     13.4833     15.8721     19.8770     20.2743     17.0306     12.8757      8.2963      4.5910      0.0000      4.7052      8.1080     11.1655     13.5662     16.1992
     1     18.7858     19.6737     18.2154     15.5413     14.3499     11.8223     10.1476      7.4048      6.4228      4.0910      2.0485      4.0446      6.4521      8.7140     10.9995     11.6722     14.3791     16.2800     20.2743     21.7089     19.2874     15.7438     11.4041      8.0794      4.7052      0.0000      4.6765      8.9820     12.6850     16.0096
     1     15.8450     17.2476     16.3264     13.7533     13.3693     11.1827      8.7620      6.4865      7.3163      6.4167      4.0460      2.0505      4.0748      5.0705      7.6354      9.2216     11.9210     13.2423     17.0306     19.2874     17.7896     15.1620     11.5945      9.3595      8.1080      4.6765      0.0000      4.6101      8.8953     12.5132
     1     11.9673     13.7721     13.4028     11.1211     11.6152     10.0947      7.3934      6.4881      8.6816      9.1484      7.6711      5.0783      4.0926      2.0504      4.0150      6.4666      8.7612      9.3907     12.8757     15.7438     15.1620     13.6311     11.2806     10.4973     11.1655      8.9820      4.6101      0.0000      4.5800      8.2859
     1      7.4820      9.5194      9.6451      7.8463      9.2580      8.7330      6.4775      7.3839     10.0579     11.5476     10.9689      8.6496      6.4251      3.9783      2.0435      4.1158      5.1722      4.9814      8.2963     11.4041     11.5945     11.2806     10.5188     11.2931     13.5662     12.6850      8.8953      4.5800      0.0000      3.7060
     1      4.0039      6.4050      7.3090      6.4636      8.7341      9.2688      7.8836      9.7494     12.3458     14.2800     14.1610     12.0435      9.5755      7.4749      5.0153      5.2316      4.1044      2.0440      4.5910      8.0794      9.3595     10.4973     11.2931     13.1107     16.1992     16.0096     12.5132      8.2859      3.7060      0.0000
