===============================================================
                    AroX.v0.3.2 REPORT
===============================================================
 Program name        : AroX.v0.3.2
 Input geometry file : Dibez_aj_anthracene_6-311+Gdp_rho_dist.dat
 Geometry input type : DIST
 Input LDM file      : Dibez_aj_anthracene_6-311+Gdp_rho_ldm.dat
 Output file         : Dibez_aj_anthracene_6-311+Gdp_rho_dist.arx
 Shared cycles       : AUTO cycles + optional free MANUAL cycles + generated FUSED cycles
 Manual cycle rule   : accepted even without contour connectivity
 Fused cycle rule    : generated by symmetric difference of auto/manual cycle edges
===============================================================

===============================================================
                 SHARED PRELIMINARY CYCLE ANALYSIS
===============================================================
 Détection automatique des carbones
 ------------------------------
 Atome   1 | C | voisins = 3 | type = sp2     | rayon = 0.73 Å
 Atome   2 | C | voisins = 3 | type = sp2     | rayon = 0.73 Å
 Atome   3 | C | voisins = 3 | type = sp2     | rayon = 0.73 Å
 Atome   4 | C | voisins = 3 | type = sp2     | rayon = 0.73 Å
 Atome   5 | C | voisins = 3 | type = sp2     | rayon = 0.73 Å
 Atome   6 | C | voisins = 3 | type = sp2     | rayon = 0.73 Å
 Atome   7 | C | voisins = 3 | type = sp2     | rayon = 0.73 Å
 Atome   8 | C | voisins = 3 | type = sp2     | rayon = 0.73 Å
 Atome   9 | C | voisins = 3 | type = sp2     | rayon = 0.73 Å
 Atome  10 | C | voisins = 3 | type = sp2     | rayon = 0.73 Å
 Atome  11 | C | voisins = 3 | type = sp2     | rayon = 0.73 Å
 Atome  12 | C | voisins = 3 | type = sp2     | rayon = 0.73 Å
 Atome  13 | C | voisins = 3 | type = sp2     | rayon = 0.73 Å
 Atome  14 | C | voisins = 3 | type = sp2     | rayon = 0.73 Å
 Atome  15 | C | voisins = 3 | type = sp2     | rayon = 0.73 Å
 Atome  16 | C | voisins = 3 | type = sp2     | rayon = 0.73 Å
 Atome  17 | C | voisins = 3 | type = sp2     | rayon = 0.73 Å
 Atome  18 | C | voisins = 3 | type = sp2     | rayon = 0.73 Å
 Atome  19 | C | voisins = 3 | type = sp2     | rayon = 0.73 Å
 Atome  20 | C | voisins = 3 | type = sp2     | rayon = 0.73 Å
 Atome  21 | C | voisins = 3 | type = sp2     | rayon = 0.73 Å
 Atome  22 | C | voisins = 3 | type = sp2     | rayon = 0.73 Å

 Connectivité détectée
 ------------------------------
 Atome   1 -> voisins : [2, 6, 22]
 Atome   2 -> voisins : [1, 3, 23]
 Atome   3 -> voisins : [2, 4, 24]
 Atome   4 -> voisins : [3, 5, 25]
 Atome   5 -> voisins : [4, 6, 26]
 Atome   6 -> voisins : [1, 5, 7]
 Atome   7 -> voisins : [6, 8, 20]
 Atome   8 -> voisins : [7, 9, 27]
 Atome   9 -> voisins : [8, 10, 18]
 Atome  10 -> voisins : [9, 11, 15]
 Atome  11 -> voisins : [10, 12, 28]
 Atome  12 -> voisins : [11, 13, 29]
 Atome  13 -> voisins : [12, 14, 30]
 Atome  14 -> voisins : [13, 15, 31]
 Atome  15 -> voisins : [10, 14, 16]
 Atome  16 -> voisins : [15, 17, 32]
 Atome  17 -> voisins : [16, 18, 33]
 Atome  18 -> voisins : [9, 17, 19]
 Atome  19 -> voisins : [18, 20, 34]
 Atome  20 -> voisins : [7, 19, 21]
 Atome  21 -> voisins : [20, 22, 35]
 Atome  22 -> voisins : [1, 21, 36]
 Atome  23 -> voisins : [2]
 Atome  24 -> voisins : [3]
 Atome  25 -> voisins : [4]
 Atome  26 -> voisins : [5]
 Atome  27 -> voisins : [8]
 Atome  28 -> voisins : [11]
 Atome  29 -> voisins : [12]
 Atome  30 -> voisins : [13]
 Atome  31 -> voisins : [14]
 Atome  32 -> voisins : [16]
 Atome  33 -> voisins : [17]
 Atome  34 -> voisins : [19]
 Atome  35 -> voisins : [21]
 Atome  36 -> voisins : [22]

 Cycles détectés automatiquement
 ------------------------------
 Cycle  1 | type = ELEMENTAIRE   | taille = 6  | indices = [1, 2, 3, 4, 5, 6] | origine = AUTO        | cordes = 0  | statut = TRAITE
 Cycle  2 | type = ELEMENTAIRE   | taille = 6  | indices = [1, 6, 7, 20, 21, 22] | origine = AUTO        | cordes = 0  | statut = TRAITE
 Cycle  3 | type = ELEMENTAIRE   | taille = 6  | indices = [7, 8, 9, 18, 19, 20] | origine = AUTO        | cordes = 0  | statut = TRAITE
 Cycle  4 | type = ELEMENTAIRE   | taille = 6  | indices = [9, 10, 15, 16, 17, 18] | origine = AUTO        | cordes = 0  | statut = TRAITE
 Cycle  5 | type = ELEMENTAIRE   | taille = 6  | indices = [10, 11, 12, 13, 14, 15] | origine = AUTO        | cordes = 0  | statut = TRAITE
 Cycle  6 | type = PERIPHERAL    | taille = 10 | indices = [1, 2, 3, 4, 5, 6, 7, 20, 21, 22] | origine = AUTO        | cordes = 1  | statut = TRAITE
 Cycle  7 | type = PERIPHERAL    | taille = 10 | indices = [1, 6, 7, 8, 9, 18, 19, 20, 21, 22] | origine = AUTO        | cordes = 1  | statut = TRAITE
 Cycle  8 | type = PERIPHERAL    | taille = 10 | indices = [7, 8, 9, 10, 15, 16, 17, 18, 19, 20] | origine = AUTO        | cordes = 1  | statut = TRAITE
 Cycle  9 | type = PERIPHERAL    | taille = 10 | indices = [9, 10, 11, 12, 13, 14, 15, 16, 17, 18] | origine = AUTO        | cordes = 1  | statut = TRAITE
 Cycle 10 | type = PERIPHERAL    | taille = 14 | indices = [1, 2, 3, 4, 5, 6, 7, 8, 9, 18, 19, 20, 21, 22] | origine = AUTO        | cordes = 2  | statut = TRAITE
 Cycle 11 | type = PERIPHERAL    | taille = 14 | indices = [1, 6, 7, 8, 9, 10, 15, 16, 17, 18, 19, 20, 21, 22] | origine = AUTO        | cordes = 2  | statut = TRAITE
 Cycle 12 | type = PERIPHERAL    | taille = 14 | indices = [7, 8, 9, 10, 11, 12, 13, 14, 15, 16, 17, 18, 19, 20] | origine = AUTO        | cordes = 2  | statut = TRAITE
 Cycle 13 | type = NON TRAITABLE | taille = 18 | indices = [1, 2, 3, 4, 5, 6, 7, 8, 9, 10, 15, 16, 17, 18, 19, 20, 21, 22] | origine = AUTO        | cordes = 3  | statut = NON TRAITE EN V2
 Cycle 14 | type = NON TRAITABLE | taille = 18 | indices = [1, 6, 7, 8, 9, 10, 11, 12, 13, 14, 15, 16, 17, 18, 19, 20, 21, 22] | origine = AUTO        | cordes = 3  | statut = NON TRAITE EN V2
 Cycle 15 | type = NON TRAITABLE | taille = 22 | indices = [1, 2, 3, 4, 5, 6, 7, 8, 9, 10, 11, 12, 13, 14, 15, 16, 17, 18, 19, 20, 21, 22] | origine = AUTO        | cordes = 4  | statut = NON TRAITE EN V2


===============================================================
                 LDM DETAILED ANALYSIS
===============================================================
 Reference type      : EG
 epsilon_O           : 0.583333
 epsilon_P           : 0.166667
 epsilon_M           : 0.083333
 N_A (default C)     : 6.000000
 N_A per site        : Z of each atom in the cycle (auto from geometry)
 lambda (benzene EG) : 4.500000
 lambda formula      : lambda_k = Z_k - sum(off-diagonal row k)
===============================================================

===============================================================
 Cycle number        : 5
 Cycle type          : ELEMENTAIRE
 Cycle size          : 6
 Cycle indices       : [10, 11, 12, 13, 14, 15]
 N_A per site (Z)    : [6, 6, 6, 6, 6, 6]
 Cycle status        : TRAITE
 Cycle origin        : AUTO
 N_pi reference      : 3
 Number of orbits    : 3
 Lambda              : 4.500000
 Symmetric submatrix : True
 Max asymmetry       : 0.000000e+00

REAL LDM SUBMATRIX
------------------------------
 3.898400 0.650600 0.034100 0.037600 0.030800 0.627700
 0.650600 3.970700 0.722400 0.035500 0.049200 0.031000
 0.034100 0.722400 3.979300 0.664000 0.036500 0.036100
 0.037600 0.035500 0.664000 3.974700 0.725200 0.033600
 0.030800 0.049200 0.036500 0.725200 3.984300 0.644600
 0.627700 0.031000 0.036100 0.033600 0.644600 3.885700

REFERENCE MATRIX (6x6)
------------------------------
 4.500000 0.583333 0.083333 0.166667 0.083333 0.583333
 0.583333 4.500000 0.583333 0.083333 0.166667 0.083333
 0.083333 0.583333 4.500000 0.583333 0.083333 0.166667
 0.166667 0.083333 0.583333 4.500000 0.583333 0.083333
 0.083333 0.166667 0.083333 0.583333 4.500000 0.583333
 0.583333 0.083333 0.166667 0.083333 0.583333 4.500000

DIFFERENCE MATRIX : DELTA = REAL - REFERENCE
------------------------------
 -0.601600 0.067267 -0.049233 -0.129067 -0.052533 0.044367
 0.067267 -0.529300 0.139067 -0.047833 -0.117467 -0.052333
 -0.049233 0.139067 -0.520700 0.080667 -0.046833 -0.130567
 -0.129067 -0.047833 0.080667 -0.525300 0.141867 -0.049733
 -0.052533 -0.117467 -0.046833 0.141867 -0.515700 0.061267
 0.044367 -0.052333 -0.130567 -0.049733 0.061267 -0.614300

DISTANCES AND CONTRIBUTIONS
------------------------------
 Frobenius distance (full) : 1.438632
 Diagonal contribution     : 1.353684
 Off-diagonal contribution : 0.487034
 RMS matricielle           : 0.239772
 RMS hors diagonale        : 0.088920
 Final rank                : 1

Q WEIGHTED ANALYSIS
------------------------------
 Q Frobenius offdiag       : 0.274483
 Q RMS offdiag             : 0.050113

CHARGE TRANSFER ANALYSIS
------------------------------
 N_ref cycle               : 36.000000
 Population real (sum LDM) : 32.410900
 CT absolute               : -3.589100
 CT relative (%)           : -9.969722

AROMATIC HOMOGENEITY INDEX
------------------------------
 Number of unique pairs    : 15
 S_cycle_hom               : 0.411674

HOMOGENEITY ANALYSIS BY ORBIT
------------------------------
 Orbit       n pairs          S_orb          sigma            H_k
 ----------------------------------------------------------------------
 ortho             6       0.942202       0.042343       0.956993
 meta              6       0.081527       0.004754       0.944901
 para              3       0.114783       0.015742       0.879397

DETAIL OF x_ij = LDM_ij * r_ij BY ORBIT
------------------------------
 Orbit      Pair                     x_ij
 -------------------------------------------------
 ortho      (10, 11)             0.918167
 ortho      (10, 15)             0.893522
 ortho      (11, 12)             0.998815
 ortho      (12, 13)             0.932053
 ortho      (13, 14)             1.000921
 ortho      (14, 15)             0.909734
 meta       (10, 12)             0.083146
 meta       (10, 14)             0.075489
 meta       (11, 13)             0.085812
 meta       (11, 15)             0.075262
 meta       (12, 14)             0.087763
 meta       (13, 15)             0.081692
 para       (10, 13)             0.106415
 para       (11, 14)             0.136832
 para       (12, 15)             0.101100

 Corrected orbit-homogeneity index (S_hom) : 0.411674

ORBIT SUMMARY
------------------------------
 Orbit       n pairs     Ref. val    Mean real     Contrib.
 --------------------------------------------------------------
 ortho             6     0.583333     0.672417     0.237107
 meta              6     0.083333     0.033583     0.121972
 para              3     0.166667     0.040967     0.217955

ORBIT HOMOGENEITY SUMMARY
------------------------------
 Orbit       n pairs        S_orb        sigma            H
 ------------------------------------------------------------
 ortho             6     0.942202     0.042343     0.956993
 meta              6     0.081527     0.004754     0.944901
 para              3     0.114783     0.015742     0.879397

DETAILED ORBIT PAIR TABLE
------------------------------
 Orbit      Pair                   Real    Reference   Difference
 ----------------------------------------------------------------
 ortho      (10, 11)           0.650600     0.583333     0.067267
 ortho      (10, 15)           0.627700     0.583333     0.044367
 ortho      (11, 12)           0.722400     0.583333     0.139067
 ortho      (12, 13)           0.664000     0.583333     0.080667
 ortho      (13, 14)           0.725200     0.583333     0.141867
 ortho      (14, 15)           0.644600     0.583333     0.061267
 meta       (10, 12)           0.034100     0.083333    -0.049233
 meta       (10, 14)           0.030800     0.083333    -0.052533
 meta       (11, 13)           0.035500     0.083333    -0.047833
 meta       (11, 15)           0.031000     0.083333    -0.052333
 meta       (12, 14)           0.036500     0.083333    -0.046833
 meta       (13, 15)           0.033600     0.083333    -0.049733
 para       (10, 13)           0.037600     0.166667    -0.129067
 para       (11, 14)           0.049200     0.166667    -0.117467
 para       (12, 15)           0.036100     0.166667    -0.130567

===============================================================
 Cycle number        : 1
 Cycle type          : ELEMENTAIRE
 Cycle size          : 6
 Cycle indices       : [1, 2, 3, 4, 5, 6]
 N_A per site (Z)    : [6, 6, 6, 6, 6, 6]
 Cycle status        : TRAITE
 Cycle origin        : AUTO
 N_pi reference      : 3
 Number of orbits    : 3
 Lambda              : 4.500000
 Symmetric submatrix : True
 Max asymmetry       : 0.000000e+00

REAL LDM SUBMATRIX
------------------------------
 3.885700 0.644600 0.033600 0.036100 0.031000 0.627700
 0.644600 3.984300 0.725200 0.036500 0.049200 0.030800
 0.033600 0.725200 3.974600 0.664000 0.035500 0.037600
 0.036100 0.036500 0.664000 3.979300 0.722400 0.034100
 0.031000 0.049200 0.035500 0.722400 3.970700 0.650600
 0.627700 0.030800 0.037600 0.034100 0.650600 3.898400

REFERENCE MATRIX (6x6)
------------------------------
 4.500000 0.583333 0.083333 0.166667 0.083333 0.583333
 0.583333 4.500000 0.583333 0.083333 0.166667 0.083333
 0.083333 0.583333 4.500000 0.583333 0.083333 0.166667
 0.166667 0.083333 0.583333 4.500000 0.583333 0.083333
 0.083333 0.166667 0.083333 0.583333 4.500000 0.583333
 0.583333 0.083333 0.166667 0.083333 0.583333 4.500000

DIFFERENCE MATRIX : DELTA = REAL - REFERENCE
------------------------------
 -0.614300 0.061267 -0.049733 -0.130567 -0.052333 0.044367
 0.061267 -0.515700 0.141867 -0.046833 -0.117467 -0.052533
 -0.049733 0.141867 -0.525400 0.080667 -0.047833 -0.129067
 -0.130567 -0.046833 0.080667 -0.520700 0.139067 -0.049233
 -0.052333 -0.117467 -0.047833 0.139067 -0.529300 0.067267
 0.044367 -0.052533 -0.129067 -0.049233 0.067267 -0.601600

DISTANCES AND CONTRIBUTIONS
------------------------------
 Frobenius distance (full) : 1.438669
 Diagonal contribution     : 1.353723
 Off-diagonal contribution : 0.487034
 RMS matricielle           : 0.239778
 RMS hors diagonale        : 0.088920
 Final rank                : 2

Q WEIGHTED ANALYSIS
------------------------------
 Q Frobenius offdiag       : 0.274483
 Q RMS offdiag             : 0.050113

CHARGE TRANSFER ANALYSIS
------------------------------
 N_ref cycle               : 36.000000
 Population real (sum LDM) : 32.410800
 CT absolute               : -3.589200
 CT relative (%)           : -9.970000

AROMATIC HOMOGENEITY INDEX
------------------------------
 Number of unique pairs    : 15
 S_cycle_hom               : 0.411674

HOMOGENEITY ANALYSIS BY ORBIT
------------------------------
 Orbit       n pairs          S_orb          sigma            H_k
 ----------------------------------------------------------------------
 ortho             6       0.942202       0.042343       0.956993
 meta              6       0.081527       0.004754       0.944901
 para              3       0.114783       0.015742       0.879397

DETAIL OF x_ij = LDM_ij * r_ij BY ORBIT
------------------------------
 Orbit      Pair                     x_ij
 -------------------------------------------------
 ortho      (1, 2)               0.909734
 ortho      (1, 6)               0.893522
 ortho      (2, 3)               1.000921
 ortho      (3, 4)               0.932053
 ortho      (4, 5)               0.998815
 ortho      (5, 6)               0.918167
 meta       (1, 3)               0.081692
 meta       (1, 5)               0.075262
 meta       (2, 4)               0.087763
 meta       (2, 6)               0.075489
 meta       (3, 5)               0.085812
 meta       (4, 6)               0.083146
 para       (1, 4)               0.101100
 para       (2, 5)               0.136832
 para       (3, 6)               0.106415

 Corrected orbit-homogeneity index (S_hom) : 0.411674

ORBIT SUMMARY
------------------------------
 Orbit       n pairs     Ref. val    Mean real     Contrib.
 --------------------------------------------------------------
 ortho             6     0.583333     0.672417     0.237107
 meta              6     0.083333     0.033583     0.121972
 para              3     0.166667     0.040967     0.217955

ORBIT HOMOGENEITY SUMMARY
------------------------------
 Orbit       n pairs        S_orb        sigma            H
 ------------------------------------------------------------
 ortho             6     0.942202     0.042343     0.956993
 meta              6     0.081527     0.004754     0.944901
 para              3     0.114783     0.015742     0.879397

DETAILED ORBIT PAIR TABLE
------------------------------
 Orbit      Pair                   Real    Reference   Difference
 ----------------------------------------------------------------
 ortho      (1, 2)             0.644600     0.583333     0.061267
 ortho      (1, 6)             0.627700     0.583333     0.044367
 ortho      (2, 3)             0.725200     0.583333     0.141867
 ortho      (3, 4)             0.664000     0.583333     0.080667
 ortho      (4, 5)             0.722400     0.583333     0.139067
 ortho      (5, 6)             0.650600     0.583333     0.067267
 meta       (1, 3)             0.033600     0.083333    -0.049733
 meta       (1, 5)             0.031000     0.083333    -0.052333
 meta       (2, 4)             0.036500     0.083333    -0.046833
 meta       (2, 6)             0.030800     0.083333    -0.052533
 meta       (3, 5)             0.035500     0.083333    -0.047833
 meta       (4, 6)             0.034100     0.083333    -0.049233
 para       (1, 4)             0.036100     0.166667    -0.130567
 para       (2, 5)             0.049200     0.166667    -0.117467
 para       (3, 6)             0.037600     0.166667    -0.129067

===============================================================
 Cycle number        : 3
 Cycle type          : ELEMENTAIRE
 Cycle size          : 6
 Cycle indices       : [7, 8, 9, 18, 19, 20]
 N_A per site (Z)    : [6, 6, 6, 6, 6, 6]
 Cycle status        : TRAITE
 Cycle origin        : AUTO
 N_pi reference      : 3
 Number of orbits    : 3
 Lambda              : 4.500000
 Symmetric submatrix : True
 Max asymmetry       : 0.000000e+00

REAL LDM SUBMATRIX
------------------------------
 3.907300 0.674900 0.031700 0.026700 0.030800 0.604000
 0.674900 3.958400 0.674900 0.030300 0.048000 0.030300
 0.031700 0.674900 3.907300 0.604000 0.030800 0.026700
 0.026700 0.030300 0.604000 3.874000 0.668900 0.031000
 0.030800 0.048000 0.030800 0.668900 3.971800 0.668900
 0.604000 0.030300 0.026700 0.031000 0.668900 3.874000

REFERENCE MATRIX (6x6)
------------------------------
 4.500000 0.583333 0.083333 0.166667 0.083333 0.583333
 0.583333 4.500000 0.583333 0.083333 0.166667 0.083333
 0.083333 0.583333 4.500000 0.583333 0.083333 0.166667
 0.166667 0.083333 0.583333 4.500000 0.583333 0.083333
 0.083333 0.166667 0.083333 0.583333 4.500000 0.583333
 0.583333 0.083333 0.166667 0.083333 0.583333 4.500000

DIFFERENCE MATRIX : DELTA = REAL - REFERENCE
------------------------------
 -0.592700 0.091567 -0.051633 -0.139967 -0.052533 0.020667
 0.091567 -0.541600 0.091567 -0.053033 -0.118667 -0.053033
 -0.051633 0.091567 -0.592700 0.020667 -0.052533 -0.139967
 -0.139967 -0.053033 0.020667 -0.626000 0.085567 -0.052333
 -0.052533 -0.118667 -0.052533 0.085567 -0.528200 0.085567
 0.020667 -0.053033 -0.139967 -0.052333 0.085567 -0.626000

DISTANCES AND CONTRIBUTIONS
------------------------------
 Frobenius distance (full) : 1.504268
 Diagonal contribution     : 1.434805
 Off-diagonal contribution : 0.451838
 RMS matricielle           : 0.250711
 RMS hors diagonale        : 0.082494
 Final rank                : 3

Q WEIGHTED ANALYSIS
------------------------------
 Q Frobenius offdiag       : 0.227872
 Q RMS offdiag             : 0.041604

CHARGE TRANSFER ANALYSIS
------------------------------
 N_ref cycle               : 36.000000
 Population real (sum LDM) : 31.856600
 CT absolute               : -4.143400
 CT relative (%)           : -11.509444

AROMATIC HOMOGENEITY INDEX
------------------------------
 Number of unique pairs    : 15
 S_cycle_hom               : 0.396459

HOMOGENEITY ANALYSIS BY ORBIT
------------------------------
 Orbit       n pairs          S_orb          sigma            H_k
 ----------------------------------------------------------------------
 ortho             6       0.914374       0.035227       0.962903
 meta              6       0.075205       0.001490       0.980575
 para              3       0.094922       0.027000       0.778547

DETAIL OF x_ij = LDM_ij * r_ij BY ORBIT
------------------------------
 Orbit      Pair                     x_ij
 -------------------------------------------------
 ortho      (7, 8)               0.944175
 ortho      (7, 20)              0.864900
 ortho      (8, 9)               0.944175
 ortho      (9, 18)              0.864900
 ortho      (18, 19)             0.934047
 ortho      (19, 20)             0.934047
 meta       (7, 9)               0.077983
 meta       (7, 19)              0.075132
 meta       (8, 18)              0.073588
 meta       (8, 20)              0.073588
 meta       (9, 19)              0.075132
 meta       (18, 20)             0.075805
 para       (7, 18)              0.075830
 para       (8, 19)              0.133106
 para       (9, 20)              0.075830

 Corrected orbit-homogeneity index (S_hom) : 0.396459

ORBIT SUMMARY
------------------------------
 Orbit       n pairs     Ref. val    Mean real     Contrib.
 --------------------------------------------------------------
 ortho             6     0.583333     0.649267     0.179629
 meta              6     0.083333     0.030817     0.128644
 para              3     0.166667     0.033800     0.230788

ORBIT HOMOGENEITY SUMMARY
------------------------------
 Orbit       n pairs        S_orb        sigma            H
 ------------------------------------------------------------
 ortho             6     0.914374     0.035227     0.962903
 meta              6     0.075205     0.001490     0.980575
 para              3     0.094922     0.027000     0.778547

DETAILED ORBIT PAIR TABLE
------------------------------
 Orbit      Pair                   Real    Reference   Difference
 ----------------------------------------------------------------
 ortho      (7, 8)             0.674900     0.583333     0.091567
 ortho      (7, 20)            0.604000     0.583333     0.020667
 ortho      (8, 9)             0.674900     0.583333     0.091567
 ortho      (9, 18)            0.604000     0.583333     0.020667
 ortho      (18, 19)           0.668900     0.583333     0.085567
 ortho      (19, 20)           0.668900     0.583333     0.085567
 meta       (7, 9)             0.031700     0.083333    -0.051633
 meta       (7, 19)            0.030800     0.083333    -0.052533
 meta       (8, 18)            0.030300     0.083333    -0.053033
 meta       (8, 20)            0.030300     0.083333    -0.053033
 meta       (9, 19)            0.030800     0.083333    -0.052533
 meta       (18, 20)           0.031000     0.083333    -0.052333
 para       (7, 18)            0.026700     0.166667    -0.139967
 para       (8, 19)            0.048000     0.166667    -0.118667
 para       (9, 20)            0.026700     0.166667    -0.139967

===============================================================
 Cycle number        : 4
 Cycle type          : ELEMENTAIRE
 Cycle size          : 6
 Cycle indices       : [9, 10, 15, 16, 17, 18]
 N_A per site (Z)    : [6, 6, 6, 6, 6, 6]
 Cycle status        : TRAITE
 Cycle origin        : AUTO
 N_pi reference      : 3
 Number of orbits    : 3
 Lambda              : 4.500000
 Symmetric submatrix : True
 Max asymmetry       : 0.000000e+00

REAL LDM SUBMATRIX
------------------------------
 3.907300 0.564500 0.025700 0.021300 0.026200 0.604000
 0.564500 3.898400 0.627700 0.027000 0.025100 0.024500
 0.025700 0.627700 3.885700 0.585300 0.032900 0.014800
 0.021300 0.027000 0.585300 3.984800 0.794300 0.033300
 0.026200 0.025100 0.032900 0.794300 3.979400 0.585600
 0.604000 0.024500 0.014800 0.033300 0.585600 3.874000

REFERENCE MATRIX (6x6)
------------------------------
 4.500000 0.583333 0.083333 0.166667 0.083333 0.583333
 0.583333 4.500000 0.583333 0.083333 0.166667 0.083333
 0.083333 0.583333 4.500000 0.583333 0.083333 0.166667
 0.166667 0.083333 0.583333 4.500000 0.583333 0.083333
 0.083333 0.166667 0.083333 0.583333 4.500000 0.583333
 0.583333 0.083333 0.166667 0.083333 0.583333 4.500000

DIFFERENCE MATRIX : DELTA = REAL - REFERENCE
------------------------------
 -0.592700 -0.018833 -0.057633 -0.145367 -0.057133 0.020667
 -0.018833 -0.601600 0.044367 -0.056333 -0.141567 -0.058833
 -0.057633 0.044367 -0.614300 0.001967 -0.050433 -0.151867
 -0.145367 -0.056333 0.001967 -0.515200 0.210967 -0.050033
 -0.057133 -0.141567 -0.050433 0.210967 -0.520600 0.002267
 0.020667 -0.058833 -0.151867 -0.050033 0.002267 -0.626000

DISTANCES AND CONTRIBUTIONS
------------------------------
 Frobenius distance (full) : 1.509454
 Diagonal contribution     : 1.420884
 Off-diagonal contribution : 0.509450
 RMS matricielle           : 0.251576
 RMS hors diagonale        : 0.093012
 Final rank                : 4

Q WEIGHTED ANALYSIS
------------------------------
 Q Frobenius offdiag       : 0.270215
 Q RMS offdiag             : 0.049334

CHARGE TRANSFER ANALYSIS
------------------------------
 N_ref cycle               : 36.000000
 Population real (sum LDM) : 31.514000
 CT absolute               : -4.486000
 CT relative (%)           : -12.461111

AROMATIC HOMOGENEITY INDEX
------------------------------
 Number of unique pairs    : 15
 S_cycle_hom               : 0.359550

HOMOGENEITY ANALYSIS BY ORBIT
------------------------------
 Orbit       n pairs          S_orb          sigma            H_k
 ----------------------------------------------------------------------
 ortho             6       0.890514       0.085779       0.912138
 meta              6       0.069658       0.007893       0.898216
 para              3       0.058127       0.012164       0.826948

DETAIL OF x_ij = LDM_ij * r_ij BY ORBIT
------------------------------
 Orbit      Pair                     x_ij
 -------------------------------------------------
 ortho      (9, 10)              0.825275
 ortho      (9, 18)              0.864900
 ortho      (10, 15)             0.893522
 ortho      (15, 16)             0.841777
 ortho      (16, 17)             1.076117
 ortho      (17, 18)             0.841496
 meta       (9, 15)              0.063918
 meta       (9, 17)              0.065013
 meta       (10, 16)             0.066860
 meta       (10, 18)             0.061059
 meta       (15, 17)             0.080114
 meta       (16, 18)             0.080982
 para       (9, 16)              0.060691
 para       (10, 17)             0.071576
 para       (15, 18)             0.042113

 Corrected orbit-homogeneity index (S_hom) : 0.359550

ORBIT SUMMARY
------------------------------
 Orbit       n pairs     Ref. val    Mean real     Contrib.
 --------------------------------------------------------------
 ortho             6     0.583333     0.626900     0.217408
 meta              6     0.083333     0.028267     0.135157
 para              3     0.166667     0.020400     0.253448

ORBIT HOMOGENEITY SUMMARY
------------------------------
 Orbit       n pairs        S_orb        sigma            H
 ------------------------------------------------------------
 ortho             6     0.890514     0.085779     0.912138
 meta              6     0.069658     0.007893     0.898216
 para              3     0.058127     0.012164     0.826948

DETAILED ORBIT PAIR TABLE
------------------------------
 Orbit      Pair                   Real    Reference   Difference
 ----------------------------------------------------------------
 ortho      (9, 10)            0.564500     0.583333    -0.018833
 ortho      (9, 18)            0.604000     0.583333     0.020667
 ortho      (10, 15)           0.627700     0.583333     0.044367
 ortho      (15, 16)           0.585300     0.583333     0.001967
 ortho      (16, 17)           0.794300     0.583333     0.210967
 ortho      (17, 18)           0.585600     0.583333     0.002267
 meta       (9, 15)            0.025700     0.083333    -0.057633
 meta       (9, 17)            0.026200     0.083333    -0.057133
 meta       (10, 16)           0.027000     0.083333    -0.056333
 meta       (10, 18)           0.024500     0.083333    -0.058833
 meta       (15, 17)           0.032900     0.083333    -0.050433
 meta       (16, 18)           0.033300     0.083333    -0.050033
 para       (9, 16)            0.021300     0.166667    -0.145367
 para       (10, 17)           0.025100     0.166667    -0.141567
 para       (15, 18)           0.014800     0.166667    -0.151867

===============================================================
 Cycle number        : 2
 Cycle type          : ELEMENTAIRE
 Cycle size          : 6
 Cycle indices       : [1, 6, 7, 20, 21, 22]
 N_A per site (Z)    : [6, 6, 6, 6, 6, 6]
 Cycle status        : TRAITE
 Cycle origin        : AUTO
 N_pi reference      : 3
 Number of orbits    : 3
 Lambda              : 4.500000
 Symmetric submatrix : True
 Max asymmetry       : 0.000000e+00

REAL LDM SUBMATRIX
------------------------------
 3.885700 0.627700 0.025700 0.014800 0.032900 0.585300
 0.627700 3.898400 0.564500 0.024500 0.025100 0.027000
 0.025700 0.564500 3.907300 0.604000 0.026200 0.021300
 0.014800 0.024500 0.604000 3.874000 0.585600 0.033300
 0.032900 0.025100 0.026200 0.585600 3.979400 0.794300
 0.585300 0.027000 0.021300 0.033300 0.794300 3.984700

REFERENCE MATRIX (6x6)
------------------------------
 4.500000 0.583333 0.083333 0.166667 0.083333 0.583333
 0.583333 4.500000 0.583333 0.083333 0.166667 0.083333
 0.083333 0.583333 4.500000 0.583333 0.083333 0.166667
 0.166667 0.083333 0.583333 4.500000 0.583333 0.083333
 0.083333 0.166667 0.083333 0.583333 4.500000 0.583333
 0.583333 0.083333 0.166667 0.083333 0.583333 4.500000

DIFFERENCE MATRIX : DELTA = REAL - REFERENCE
------------------------------
 -0.614300 0.044367 -0.057633 -0.151867 -0.050433 0.001967
 0.044367 -0.601600 -0.018833 -0.058833 -0.141567 -0.056333
 -0.057633 -0.018833 -0.592700 0.020667 -0.057133 -0.145367
 -0.151867 -0.058833 0.020667 -0.626000 0.002267 -0.050033
 -0.050433 -0.141567 -0.057133 0.002267 -0.520600 0.210967
 0.001967 -0.056333 -0.145367 -0.050033 0.210967 -0.515300

DISTANCES AND CONTRIBUTIONS
------------------------------
 Frobenius distance (full) : 1.509488
 Diagonal contribution     : 1.420920
 Off-diagonal contribution : 0.509450
 RMS matricielle           : 0.251581
 RMS hors diagonale        : 0.093012
 Final rank                : 5

Q WEIGHTED ANALYSIS
------------------------------
 Q Frobenius offdiag       : 0.270215
 Q RMS offdiag             : 0.049334

CHARGE TRANSFER ANALYSIS
------------------------------
 N_ref cycle               : 36.000000
 Population real (sum LDM) : 31.513900
 CT absolute               : -4.486100
 CT relative (%)           : -12.461389

AROMATIC HOMOGENEITY INDEX
------------------------------
 Number of unique pairs    : 15
 S_cycle_hom               : 0.359550

HOMOGENEITY ANALYSIS BY ORBIT
------------------------------
 Orbit       n pairs          S_orb          sigma            H_k
 ----------------------------------------------------------------------
 ortho             6       0.890514       0.085779       0.912138
 meta              6       0.069658       0.007893       0.898216
 para              3       0.058127       0.012164       0.826948

DETAIL OF x_ij = LDM_ij * r_ij BY ORBIT
------------------------------
 Orbit      Pair                     x_ij
 -------------------------------------------------
 ortho      (1, 6)               0.893522
 ortho      (1, 22)              0.841777
 ortho      (6, 7)               0.825275
 ortho      (7, 20)              0.864900
 ortho      (20, 21)             0.841496
 ortho      (21, 22)             1.076117
 meta       (1, 7)               0.063918
 meta       (1, 21)              0.080114
 meta       (6, 20)              0.061059
 meta       (6, 22)              0.066860
 meta       (7, 21)              0.065013
 meta       (20, 22)             0.080982
 para       (1, 20)              0.042113
 para       (6, 21)              0.071576
 para       (7, 22)              0.060691

 Corrected orbit-homogeneity index (S_hom) : 0.359550

ORBIT SUMMARY
------------------------------
 Orbit       n pairs     Ref. val    Mean real     Contrib.
 --------------------------------------------------------------
 ortho             6     0.583333     0.626900     0.217408
 meta              6     0.083333     0.028267     0.135157
 para              3     0.166667     0.020400     0.253448

ORBIT HOMOGENEITY SUMMARY
------------------------------
 Orbit       n pairs        S_orb        sigma            H
 ------------------------------------------------------------
 ortho             6     0.890514     0.085779     0.912138
 meta              6     0.069658     0.007893     0.898216
 para              3     0.058127     0.012164     0.826948

DETAILED ORBIT PAIR TABLE
------------------------------
 Orbit      Pair                   Real    Reference   Difference
 ----------------------------------------------------------------
 ortho      (1, 6)             0.627700     0.583333     0.044367
 ortho      (1, 22)            0.585300     0.583333     0.001967
 ortho      (6, 7)             0.564500     0.583333    -0.018833
 ortho      (7, 20)            0.604000     0.583333     0.020667
 ortho      (20, 21)           0.585600     0.583333     0.002267
 ortho      (21, 22)           0.794300     0.583333     0.210967
 meta       (1, 7)             0.025700     0.083333    -0.057633
 meta       (1, 21)            0.032900     0.083333    -0.050433
 meta       (6, 20)            0.024500     0.083333    -0.058833
 meta       (6, 22)            0.027000     0.083333    -0.056333
 meta       (7, 21)            0.026200     0.083333    -0.057133
 meta       (20, 22)           0.033300     0.083333    -0.050033
 para       (1, 20)            0.014800     0.166667    -0.151867
 para       (6, 21)            0.025100     0.166667    -0.141567
 para       (7, 22)            0.021300     0.166667    -0.145367

===============================================================
 Cycle number        : 9
 Cycle type          : PERIPHERAL
 Cycle size          : 10
 Cycle indices       : [9, 10, 11, 12, 13, 14, 15, 16, 17, 18]
 N_A per site (Z)    : [6, 6, 6, 6, 6, 6, 6, 6, 6, 6]
 Cycle status        : TRAITE
 Cycle origin        : AUTO
 N_pi reference      : 5
 Number of orbits    : 5
 Lambda              : 4.500000
 Symmetric submatrix : True
 Max asymmetry       : 0.000000e+00

REAL LDM SUBMATRIX
------------------------------
 3.907300 0.564500 0.026200 0.009400 0.002500 0.004200 0.025700 0.021300 0.026200 0.604000
 0.564500 3.898400 0.650600 0.034100 0.037600 0.030800 0.627700 0.027000 0.025100 0.024500
 0.026200 0.650600 3.970700 0.722400 0.035500 0.049200 0.031000 0.004000 0.002100 0.007200
 0.009400 0.034100 0.722400 3.979300 0.664000 0.036500 0.036100 0.002900 0.012500 0.001700
 0.002500 0.037600 0.035500 0.664000 3.974700 0.725200 0.033600 0.008500 0.002500 0.004300
 0.004200 0.030800 0.049200 0.036500 0.725200 3.984300 0.644600 0.030800 0.018000 0.001700
 0.025700 0.627700 0.031000 0.036100 0.033600 0.644600 3.885700 0.585300 0.032900 0.014800
 0.021300 0.027000 0.004000 0.002900 0.008500 0.030800 0.585300 3.984800 0.794300 0.033300
 0.026200 0.025100 0.002100 0.012500 0.002500 0.018000 0.032900 0.794300 3.979400 0.585600
 0.604000 0.024500 0.007200 0.001700 0.004300 0.001700 0.014800 0.033300 0.585600 3.874000

REFERENCE MATRIX (10x10)
------------------------------
 4.500000 0.550000 0.050000 0.050000 0.050000 0.100000 0.050000 0.050000 0.050000 0.550000
 0.550000 4.500000 0.550000 0.050000 0.050000 0.050000 0.550000 0.050000 0.050000 0.050000
 0.050000 0.550000 4.500000 0.550000 0.050000 0.050000 0.050000 0.100000 0.050000 0.050000
 0.050000 0.050000 0.550000 4.500000 0.550000 0.050000 0.050000 0.050000 0.100000 0.050000
 0.050000 0.050000 0.050000 0.550000 4.500000 0.550000 0.050000 0.050000 0.050000 0.100000
 0.100000 0.050000 0.050000 0.050000 0.550000 4.500000 0.550000 0.050000 0.050000 0.050000
 0.050000 0.550000 0.050000 0.050000 0.050000 0.550000 4.500000 0.550000 0.050000 0.050000
 0.050000 0.050000 0.100000 0.050000 0.050000 0.050000 0.550000 4.500000 0.550000 0.050000
 0.050000 0.050000 0.050000 0.100000 0.050000 0.050000 0.050000 0.550000 4.500000 0.550000
 0.550000 0.050000 0.050000 0.050000 0.100000 0.050000 0.050000 0.050000 0.550000 4.500000

DIFFERENCE MATRIX : DELTA = REAL - REFERENCE
------------------------------
 -0.592700 0.014500 -0.023800 -0.040600 -0.047500 -0.095800 -0.024300 -0.028700 -0.023800 0.054000
 0.014500 -0.601600 0.100600 -0.015900 -0.012400 -0.019200 0.077700 -0.023000 -0.024900 -0.025500
 -0.023800 0.100600 -0.529300 0.172400 -0.014500 -0.000800 -0.019000 -0.096000 -0.047900 -0.042800
 -0.040600 -0.015900 0.172400 -0.520700 0.114000 -0.013500 -0.013900 -0.047100 -0.087500 -0.048300
 -0.047500 -0.012400 -0.014500 0.114000 -0.525300 0.175200 -0.016400 -0.041500 -0.047500 -0.095700
 -0.095800 -0.019200 -0.000800 -0.013500 0.175200 -0.515700 0.094600 -0.019200 -0.032000 -0.048300
 -0.024300 0.077700 -0.019000 -0.013900 -0.016400 0.094600 -0.614300 0.035300 -0.017100 -0.035200
 -0.028700 -0.023000 -0.096000 -0.047100 -0.041500 -0.019200 0.035300 -0.515200 0.244300 -0.016700
 -0.023800 -0.024900 -0.047900 -0.087500 -0.047500 -0.032000 -0.017100 0.244300 -0.520600 0.035600
 0.054000 -0.025500 -0.042800 -0.048300 -0.095700 -0.048300 -0.035200 -0.016700 0.035600 -0.626000

DISTANCES AND CONTRIBUTIONS
------------------------------
 Frobenius distance (full) : 1.888665
 Diagonal contribution     : 1.764110
 Off-diagonal contribution : 0.674514
 RMS matricielle           : 0.188866
 RMS hors diagonale        : 0.071100
 Final rank                : 6

Q WEIGHTED ANALYSIS
------------------------------
 Q Frobenius offdiag       : 0.425239
 Q RMS offdiag             : 0.044824

CHARGE TRANSFER ANALYSIS
------------------------------
 N_ref cycle               : 60.000000
 Population real (sum LDM) : 55.162400
 CT absolute               : -4.837600
 CT relative (%)           : -8.062667

AROMATIC HOMOGENEITY INDEX
------------------------------
 Number of unique pairs    : 45
 S_cycle_hom               : 0.226192

HOMOGENEITY ANALYSIS BY ORBIT
------------------------------
 Orbit       n pairs          S_orb          sigma            H_k
 ----------------------------------------------------------------------
 ortho            10       0.920925       0.078529       0.921428
 meta             10       0.076797       0.008909       0.896052
 para             10       0.068047       0.034715       0.662182
 d4               10       0.034128       0.029813       0.533738
 d5                5       0.201982       0.346235       0.368435

DETAIL OF x_ij = LDM_ij * r_ij BY ORBIT
------------------------------
 Orbit      Pair                     x_ij
 -------------------------------------------------
 ortho      (9, 10)              0.825275
 ortho      (9, 18)              0.864900
 ortho      (10, 11)             0.918167
 ortho      (11, 12)             0.998815
 ortho      (12, 13)             0.932053
 ortho      (13, 14)             1.000921
 ortho      (14, 15)             0.909734
 ortho      (15, 16)             0.841777
 ortho      (16, 17)             1.076117
 ortho      (17, 18)             0.841496
 meta       (9, 11)              0.066190
 meta       (9, 17)              0.065013
 meta       (10, 12)             0.083146
 meta       (10, 18)             0.061059
 meta       (11, 13)             0.085812
 meta       (12, 14)             0.087763
 meta       (13, 15)             0.081692
 meta       (14, 16)             0.076199
 meta       (15, 17)             0.080114
