           0           6           6           6           6           6           6           6           6           6           6           6           6           6           6           6           6           6           6           1           1           1           1           1           1           1           1           1           1           1           1
     6      0.0000      2.7017      4.5850      5.3466      7.9743      9.6200     12.2336     14.1164     16.7214     18.6511     18.4544     16.2859     13.8518     11.6325      9.2272      7.0174      4.6027      2.5784      2.0488      4.1125      6.4560      9.1777     13.0508     17.3274     20.5774     20.2661     16.5766     12.0370      7.6680      4.0281
     6      2.7017      0.0000      2.5784      4.6027      7.0174      9.2272     11.6325     13.8518     16.2859     18.4544     18.6511     16.7214     14.1164     12.2336      9.6200      7.9743      5.3466      4.5850      4.1125      2.0488      4.0281      7.6680     12.0370     16.5766     20.2661     20.5774     17.3274     13.0508      9.1777      6.4560
     6      4.5850      2.5784      0.0000      2.7085      4.6740      7.1238      9.3380     11.7019     14.0120     16.2859     16.7214     14.9881     12.3090     10.7447      8.0825      7.0779      4.6811      5.3204      6.4186      4.0199      2.0506      5.1019      9.5602     14.1606     18.0228     18.7045     15.8319     11.8946      8.7243      7.3709
     6      5.3466      4.6027      2.7085      0.0000      2.6281      4.6246      7.0743      9.2491     11.7019     13.8518     14.1164     12.3090      9.6464      8.0370      5.3753      4.6319      2.7397      4.6811      7.3951      6.4648      4.1024      4.0483      7.7160     12.1003     15.6696     16.0758     13.1236      9.2373      6.4945      6.5300
     6      7.9743      7.0174      4.6740      2.6281      0.0000      2.6625      4.6640      7.0743      9.3380     11.6325     12.2336     10.7447      8.0370      7.0673      4.6518      5.3098      4.6319      7.0779     10.0229      8.6874      5.1055      2.0519      5.0959      9.5610     13.3496     14.2548     11.8928      8.7151      7.3617      8.7231
     6      9.6200      9.2272      7.1238      4.6246      2.6625      0.0000      2.6625      4.6246      7.1238      9.2272      9.6200      8.0825      5.3753      4.6518      2.7402      4.6518      5.3753      8.0825     11.6264     11.0579      7.7611      4.0711      4.0711      7.7611     11.0579     11.6264      9.2764      6.5092      6.5092      9.2764
     6     12.2336     11.6325      9.3380      7.0743      4.6640      2.6625      0.0000      2.6281      4.6740      7.0174      7.9743      7.0779      4.6319      5.3098      4.6518      7.0673      8.0370     10.7447     14.2548     13.3496      9.5610      5.0959      2.0519      5.1055      8.6874     10.0229      8.7231      7.3617      8.7151     11.8928
     6     14.1164     13.8518     11.7019      9.2491      7.0743      4.6246      2.6281      0.0000      2.7085      4.6027      5.3466      4.6811      2.7397      4.6319      5.3753      8.0370      9.6464     12.3090     16.0758     15.6696     12.1003      7.7160      4.0483      4.1024      6.4648      7.3951      6.5300      6.4945      9.2373     13.1236
     6     16.7214     16.2859     14.0120     11.7019      9.3380      7.1238      4.6740      2.7085      0.0000      2.5784      4.5850      5.3204      4.6811      7.0779      8.0825     10.7447     12.3090     14.9881     18.7045     18.0228     14.1606      9.5602      5.1019      2.0506      4.0199      6.4186      7.3709      8.7243     11.8946     15.8319
     6     18.6511     18.4544     16.2859     13.8518     11.6325      9.2272      7.0174      4.6027      2.5784      0.0000      2.7017      4.5850      5.3466      7.9743      9.6200     12.2336     14.1164     16.7214     20.5774     20.2661     16.5766     12.0370      7.6680      4.0281      2.0488      4.1125      6.4560      9.1777     13.0508     17.3274
     6     18.4544     18.6511     16.7214     14.1164     12.2336      9.6200      7.9743      5.3466      4.5850      2.7017      0.0000      2.5784      4.6027      7.0174      9.2272     11.6325     13.8518     16.2859     20.2661     20.5774     17.3274     13.0508      9.1777      6.4560      4.1125      2.0488      4.0281      7.6680     12.0370     16.5766
     6     16.2859     16.7214     14.9881     12.3090     10.7447      8.0825      7.0779      4.6811      5.3204      4.5850      2.5784      0.0000      2.7085      4.6740      7.1238      9.3380     11.7019     14.0120     18.0228     18.7045     15.8319     11.8946      8.7243      7.3709      6.4186      4.0199      2.0506      5.1019      9.5602     14.1606
     6     13.8518     14.1164     12.3090      9.6464      8.0370      5.3753      4.6319      2.7397      4.6811      5.3466      4.6027      2.7085      0.0000      2.6281      4.6246      7.0743      9.2491     11.7019     15.6696     16.0758     13.1236      9.2373      6.4945      6.5300      7.3951      6.4648      4.1024      4.0483      7.7160     12.1003
     6     11.6325     12.2336     10.7447      8.0370      7.0673      4.6518      5.3098      4.6319      7.0779      7.9743      7.0174      4.6740      2.6281      0.0000      2.6625      4.6640      7.0743      9.3380     13.3496     14.2548     11.8928      8.7151      7.3617      8.7231     10.0229      8.6874      5.1055      2.0519      5.0959      9.5610
     6      9.2272      9.6200      8.0825      5.3753      4.6518      2.7402      4.6518      5.3753      8.0825      9.6200      9.2272      7.1238      4.6246      2.6625      0.0000      2.6625      4.6246      7.1238     11.0579     11.6264      9.2764      6.5092      6.5092      9.2764     11.6264     11.0579      7.7611      4.0711      4.0711      7.7611
     6      7.0174      7.9743      7.0779      4.6319      5.3098      4.6518      7.0673      8.0370     10.7447     12.2336     11.6325      9.3380      7.0743      4.6640      2.6625      0.0000      2.6281      4.6740      8.6874     10.0229      8.7231      7.3617      8.7151     11.8928     14.2548     13.3496      9.5610      5.0959      2.0519      5.1055
     6      4.6027      5.3466      4.6811      2.7397      4.6319      5.3753      8.0370      9.6464     12.3090     14.1164     13.8518     11.7019      9.2491      7.0743      4.6246      2.6281      0.0000      2.7085      6.4648      7.3951      6.5300      6.4945      9.2373     13.1236     16.0758     15.6696     12.1003      7.7160      4.0483      4.1024
     6      2.5784      4.5850      5.3204      4.6811      7.0779      8.0825     10.7447     12.3090     14.9881     16.7214     16.2859     14.0120     11.7019      9.3380      7.1238      4.6740      2.7085      0.0000      4.0199      6.4186      7.3709      8.7243     11.8946     15.8319     18.7045     18.0228     14.1606      9.5602      5.1019      2.0506
     1      2.0488      4.1125      6.4186      7.3951     10.0229     11.6264     14.2548     16.0758     18.7045     20.5774     20.2661     18.0228     15.6696     13.3496     11.0579      8.6874      6.4648      4.0199      0.0000      4.7062      8.1221     11.1898     15.0989     19.3546     22.5254     22.0283     18.1731     13.5527      8.9950      4.6507
     1      4.1125      2.0488      4.0199      6.4648      8.6874     11.0579     13.3496     15.6696     18.0228     20.2661     20.5774     18.7045     16.0758     14.2548     11.6264     10.0229      7.3951      6.4186      4.7062      0.0000      4.6507      8.9950     13.5527     18.1731     22.0283     22.5254     19.3546     15.0989     11.1898      8.1221
     1      6.4560      4.0281      2.0506      4.1024      5.1055      7.7611      9.5610     12.1003     14.1606     16.5766     17.3274     15.8319     13.1236     11.8928      9.2764      8.7231      6.5300      7.3709      8.1221      4.6507      0.0000      4.6728      9.3379     14.0107     18.1731     19.3546     16.8838     13.2622     10.5131      9.4215
     1      9.1777      7.6680      5.1019      4.0483      2.0519      4.0711      5.0959      7.7160      9.5602     12.0370     13.0508     11.8946      9.2373      8.7151      6.5092      7.3617      6.4945      8.7243     11.1898      8.9950      4.6728      0.0000      4.6651      9.3379     13.5527     15.0989     13.2622     10.5061      9.4136     10.5131
     1     13.0508     12.0370      9.5602      7.7160      5.0959      4.0711      2.0519      4.0483      5.1019      7.6680      9.1777      8.7243      6.4945      7.3617      6.5092      8.7151      9.2373     11.8946     15.0989     13.5527      9.3379      4.6651      0.0000      4.6728      8.9950     11.1898     10.5131      9.4136     10.5061     13.2622
     1     17.3274     16.5766     14.1606     12.1003      9.5610      7.7611      5.1055      4.1024      2.0506      4.0281      6.4560      7.3709      6.5300      8.7231      9.2764     11.8928     13.1236     15.8319     19.3546     18.1731     14.0107      9.3379      4.6728      0.0000      4.6507      8.1221      9.4215     10.5131     13.2622     16.8838
     1     20.5774     20.2661     18.0228     15.6696     13.3496     11.0579      8.6874      6.4648      4.0199      2.0488      4.1125      6.4186      7.3951     10.0229     11.6264     14.2548     16.0758     18.7045     22.5254     22.0283     18.1731     13.5527      8.9950      4.6507      0.0000      4.7062      8.1221     11.1898     15.0989     19.3546
     1     20.2661     20.5774     18.7045     16.0758     14.2548     11.6264     10.0229      7.3951      6.4186      4.1125      2.0488      4.0199      6.4648      8.6874     11.0579     13.3496     15.6696     18.0228     22.0283     22.5254     19.3546     15.0989     11.1898      8.1221      4.7062      0.0000      4.6507      8.9950     13.5527     18.1731
     1     16.5766     17.3274     15.8319     13.1236     11.8928      9.2764      8.7231      6.5300      7.3709      6.4560      4.0281      2.0506      4.1024      5.1055      7.7611      9.5610     12.1003     14.1606     18.1731     19.3546     16.8838     13.2622     10.5131      9.4215      8.1221      4.6507      0.0000      4.6728      9.3379     14.0107
     1     12.0370     13.0508     11.8946      9.2373      8.7151      6.5092      7.3617      6.4945      8.7243      9.1777      7.6680      5.1019      4.0483      2.0519      4.0711      5.0959      7.7160      9.5602     13.5527     15.0989     13.2622     10.5061      9.4136     10.5131     11.1898      8.9950      4.6728      0.0000      4.6651      9.3379
     1      7.6680      9.1777      8.7243      6.4945      7.3617      6.5092      8.7151      9.2373     11.8946     13.0508     12.0370      9.5602      7.7160      5.0959      4.0711      2.0519      4.0483      5.1019      8.9950     11.1898     10.5131      9.4136     10.5061     13.2622     15.0989     13.5527      9.3379      4.6651      0.0000      4.6728
     1      4.0281      6.4560      7.3709      6.5300      8.7231      9.2764     11.8928     13.1236     15.8319     17.3274     16.5766     14.1606     12.1003      9.5610      7.7611      5.1055      4.1024      2.0506      4.6507      8.1221      9.4215     10.5131     13.2622     16.8838     19.3546     18.1731     14.0107      9.3379      4.6728      0.0000
