===============================================================
                    AroX.v0.3.2 REPORT
===============================================================
 Program name        : AroX.v0.3.2
 Input geometry file : Naphtacene_6-311+Gdp_rho_dist.dat
 Geometry input type : DIST
 Input LDM file      : Naphtacene_6-311+Gdp_rho_ldm.dat
 Output file         : Naphtacene_6-311+Gdp_rho_dist.arx
 Shared cycles       : AUTO cycles + optional free MANUAL cycles + generated FUSED cycles
 Manual cycle rule   : accepted even without contour connectivity
 Fused cycle rule    : generated by symmetric difference of auto/manual cycle edges
===============================================================

===============================================================
                 SHARED PRELIMINARY CYCLE ANALYSIS
===============================================================
 Détection automatique des carbones
 ------------------------------
 Atome   1 | C | voisins = 3 | type = sp2     | rayon = 0.73 Å
 Atome   2 | C | voisins = 3 | type = sp2     | rayon = 0.73 Å
 Atome   3 | C | voisins = 3 | type = sp2     | rayon = 0.73 Å
 Atome   4 | C | voisins = 3 | type = sp2     | rayon = 0.73 Å
 Atome   5 | C | voisins = 3 | type = sp2     | rayon = 0.73 Å
 Atome   6 | C | voisins = 3 | type = sp2     | rayon = 0.73 Å
 Atome   7 | C | voisins = 3 | type = sp2     | rayon = 0.73 Å
 Atome   8 | C | voisins = 3 | type = sp2     | rayon = 0.73 Å
 Atome   9 | C | voisins = 3 | type = sp2     | rayon = 0.73 Å
 Atome  10 | C | voisins = 3 | type = sp2     | rayon = 0.73 Å
 Atome  11 | C | voisins = 3 | type = sp2     | rayon = 0.73 Å
 Atome  12 | C | voisins = 3 | type = sp2     | rayon = 0.73 Å
 Atome  13 | C | voisins = 3 | type = sp2     | rayon = 0.73 Å
 Atome  14 | C | voisins = 3 | type = sp2     | rayon = 0.73 Å
 Atome  15 | C | voisins = 3 | type = sp2     | rayon = 0.73 Å
 Atome  16 | C | voisins = 3 | type = sp2     | rayon = 0.73 Å
 Atome  17 | C | voisins = 3 | type = sp2     | rayon = 0.73 Å
 Atome  18 | C | voisins = 3 | type = sp2     | rayon = 0.73 Å

 Connectivité détectée
 ------------------------------
 Atome   1 -> voisins : [2, 18, 19]
 Atome   2 -> voisins : [1, 3, 20]
 Atome   3 -> voisins : [2, 4, 21]
 Atome   4 -> voisins : [3, 5, 17]
 Atome   5 -> voisins : [4, 6, 22]
 Atome   6 -> voisins : [5, 7, 15]
 Atome   7 -> voisins : [6, 8, 23]
 Atome   8 -> voisins : [7, 9, 13]
 Atome   9 -> voisins : [8, 10, 24]
 Atome  10 -> voisins : [9, 11, 25]
 Atome  11 -> voisins : [10, 12, 26]
 Atome  12 -> voisins : [11, 13, 27]
 Atome  13 -> voisins : [8, 12, 14]
 Atome  14 -> voisins : [13, 15, 28]
 Atome  15 -> voisins : [6, 14, 16]
 Atome  16 -> voisins : [15, 17, 29]
 Atome  17 -> voisins : [4, 16, 18]
 Atome  18 -> voisins : [1, 17, 30]
 Atome  19 -> voisins : [1]
 Atome  20 -> voisins : [2]
 Atome  21 -> voisins : [3]
 Atome  22 -> voisins : [5]
 Atome  23 -> voisins : [7]
 Atome  24 -> voisins : [9]
 Atome  25 -> voisins : [10]
 Atome  26 -> voisins : [11]
 Atome  27 -> voisins : [12]
 Atome  28 -> voisins : [14]
 Atome  29 -> voisins : [16]
 Atome  30 -> voisins : [18]

 Cycles détectés automatiquement
 ------------------------------
 Cycle  1 | type = ELEMENTAIRE   | taille = 6  | indices = [1, 2, 3, 4, 17, 18] | origine = AUTO        | cordes = 0  | statut = TRAITE
 Cycle  2 | type = ELEMENTAIRE   | taille = 6  | indices = [4, 5, 6, 15, 16, 17] | origine = AUTO        | cordes = 0  | statut = TRAITE
 Cycle  3 | type = ELEMENTAIRE   | taille = 6  | indices = [6, 7, 8, 13, 14, 15] | origine = AUTO        | cordes = 0  | statut = TRAITE
 Cycle  4 | type = ELEMENTAIRE   | taille = 6  | indices = [8, 9, 10, 11, 12, 13] | origine = AUTO        | cordes = 0  | statut = TRAITE
 Cycle  5 | type = PERIPHERAL    | taille = 10 | indices = [1, 2, 3, 4, 5, 6, 15, 16, 17, 18] | origine = AUTO        | cordes = 1  | statut = TRAITE
 Cycle  6 | type = PERIPHERAL    | taille = 10 | indices = [4, 5, 6, 7, 8, 13, 14, 15, 16, 17] | origine = AUTO        | cordes = 1  | statut = TRAITE
 Cycle  7 | type = PERIPHERAL    | taille = 10 | indices = [6, 7, 8, 9, 10, 11, 12, 13, 14, 15] | origine = AUTO        | cordes = 1  | statut = TRAITE
 Cycle  8 | type = PERIPHERAL    | taille = 14 | indices = [1, 2, 3, 4, 5, 6, 7, 8, 13, 14, 15, 16, 17, 18] | origine = AUTO        | cordes = 2  | statut = TRAITE
 Cycle  9 | type = PERIPHERAL    | taille = 14 | indices = [4, 5, 6, 7, 8, 9, 10, 11, 12, 13, 14, 15, 16, 17] | origine = AUTO        | cordes = 2  | statut = TRAITE
 Cycle 10 | type = NON TRAITABLE | taille = 18 | indices = [1, 2, 3, 4, 5, 6, 7, 8, 9, 10, 11, 12, 13, 14, 15, 16, 17, 18] | origine = AUTO        | cordes = 3  | statut = NON TRAITE EN V2


===============================================================
                 LDM DETAILED ANALYSIS
===============================================================
 Reference type      : EG
 epsilon_O           : 0.583333
 epsilon_P           : 0.166667
 epsilon_M           : 0.083333
 N_A (default C)     : 6.000000
 N_A per site        : Z of each atom in the cycle (auto from geometry)
 lambda (benzene EG) : 4.500000
 lambda formula      : lambda_k = Z_k - sum(off-diagonal row k)
===============================================================

===============================================================
 Cycle number        : 4
 Cycle type          : ELEMENTAIRE
 Cycle size          : 6
 Cycle indices       : [8, 9, 10, 11, 12, 13]
 N_A per site (Z)    : [6, 6, 6, 6, 6, 6]
 Cycle status        : TRAITE
 Cycle origin        : AUTO
 N_pi reference      : 3
 Number of orbits    : 3
 Lambda              : 4.500000
 Symmetric submatrix : True
 Max asymmetry       : 0.000000e+00

REAL LDM SUBMATRIX
------------------------------
 3.890600 0.599000 0.033300 0.020500 0.026200 0.574300
 0.599000 3.987000 0.776600 0.035200 0.050600 0.026200
 0.033300 0.776600 3.979900 0.612200 0.035200 0.020500
 0.020500 0.035200 0.612200 3.979900 0.776600 0.033300
 0.026200 0.050600 0.035200 0.776600 3.987000 0.599000
 0.574300 0.026200 0.020500 0.033300 0.599000 3.890600

REFERENCE MATRIX (6x6)
------------------------------
 4.500000 0.583333 0.083333 0.166667 0.083333 0.583333
 0.583333 4.500000 0.583333 0.083333 0.166667 0.083333
 0.083333 0.583333 4.500000 0.583333 0.083333 0.166667
 0.166667 0.083333 0.583333 4.500000 0.583333 0.083333
 0.083333 0.166667 0.083333 0.583333 4.500000 0.583333
 0.583333 0.083333 0.166667 0.083333 0.583333 4.500000

DIFFERENCE MATRIX : DELTA = REAL - REFERENCE
------------------------------
 -0.609400 0.015667 -0.050033 -0.146167 -0.057133 -0.009033
 0.015667 -0.513000 0.193267 -0.048133 -0.116067 -0.057133
 -0.050033 0.193267 -0.520100 0.028867 -0.048133 -0.146167
 -0.146167 -0.048133 0.028867 -0.520100 0.193267 -0.050033
 -0.057133 -0.116067 -0.048133 0.193267 -0.513000 0.015667
 -0.009033 -0.057133 -0.146167 -0.050033 0.015667 -0.609400

DISTANCES AND CONTRIBUTIONS
------------------------------
 Frobenius distance (full) : 1.451565
 Diagonal contribution     : 1.345393
 Off-diagonal contribution : 0.544939
 RMS matricielle           : 0.241928
 RMS hors diagonale        : 0.099492
 Final rank                : 1

Q WEIGHTED ANALYSIS
------------------------------
 Q Frobenius offdiag       : 0.317947
 Q RMS offdiag             : 0.058049

CHARGE TRANSFER ANALYSIS
------------------------------
 N_ref cycle               : 36.000000
 Population real (sum LDM) : 32.152400
 CT absolute               : -3.847600
 CT relative (%)           : -10.687778

AROMATIC HOMOGENEITY INDEX
------------------------------
 Number of unique pairs    : 15
 S_cycle_hom               : 0.374072

HOMOGENEITY ANALYSIS BY ORBIT
------------------------------
 Orbit       n pairs          S_orb          sigma            H_k
 ----------------------------------------------------------------------
 ortho             6       0.924026       0.096682       0.905280
 meta              6       0.077138       0.008829       0.897299
 para              3       0.086154       0.039815       0.683930

DETAIL OF x_ij = LDM_ij * r_ij BY ORBIT
------------------------------
 Orbit      Pair                     x_ij
 -------------------------------------------------
 ortho      (8, 9)               0.858532
 ortho      (8, 13)              0.832612
 ortho      (9, 10)              1.059616
 ortho      (10, 11)             0.875249
 ortho      (11, 12)             1.059616
 ortho      (12, 13)             0.858532
 meta       (8, 10)              0.081107
 meta       (8, 12)              0.064901
 meta       (9, 11)              0.085405
 meta       (9, 13)              0.064901
 meta       (10, 12)             0.085405
 meta       (11, 13)             0.081107
 para       (8, 11)              0.058001
 para       (9, 12)              0.142461
 para       (10, 13)             0.058001

 Corrected orbit-homogeneity index (S_hom) : 0.374072

ORBIT SUMMARY
------------------------------
 Orbit       n pairs     Ref. val    Mean real     Contrib.
 --------------------------------------------------------------
 ortho             6     0.583333     0.656283     0.275880
 meta              6     0.083333     0.031567     0.127156
 para              3     0.166667     0.030533     0.237067

ORBIT HOMOGENEITY SUMMARY
------------------------------
 Orbit       n pairs        S_orb        sigma            H
 ------------------------------------------------------------
 ortho             6     0.924026     0.096682     0.905280
 meta              6     0.077138     0.008829     0.897299
 para              3     0.086154     0.039815     0.683930

DETAILED ORBIT PAIR TABLE
------------------------------
 Orbit      Pair                   Real    Reference   Difference
 ----------------------------------------------------------------
 ortho      (8, 9)             0.599000     0.583333     0.015667
 ortho      (8, 13)            0.574300     0.583333    -0.009033
 ortho      (9, 10)            0.776600     0.583333     0.193267
 ortho      (10, 11)           0.612200     0.583333     0.028867
 ortho      (11, 12)           0.776600     0.583333     0.193267
 ortho      (12, 13)           0.599000     0.583333     0.015667
 meta       (8, 10)            0.033300     0.083333    -0.050033
 meta       (8, 12)            0.026200     0.083333    -0.057133
 meta       (9, 11)            0.035200     0.083333    -0.048133
 meta       (9, 13)            0.026200     0.083333    -0.057133
 meta       (10, 12)           0.035200     0.083333    -0.048133
 meta       (11, 13)           0.033300     0.083333    -0.050033
 para       (8, 11)            0.020500     0.166667    -0.146167
 para       (9, 12)            0.050600     0.166667    -0.116067
 para       (10, 13)           0.020500     0.166667    -0.146167

===============================================================
 Cycle number        : 1
 Cycle type          : ELEMENTAIRE
 Cycle size          : 6
 Cycle indices       : [1, 2, 3, 4, 17, 18]
 N_A per site (Z)    : [6, 6, 6, 6, 6, 6]
 Cycle status        : TRAITE
 Cycle origin        : AUTO
 N_pi reference      : 3
 Number of orbits    : 3
 Lambda              : 4.500000
 Symmetric submatrix : True
 Max asymmetry       : 0.000000e+00

REAL LDM SUBMATRIX
------------------------------
 3.979800 0.612200 0.035200 0.020500 0.033300 0.776600
 0.612200 3.979800 0.776600 0.033300 0.020500 0.035200
 0.035200 0.776600 3.987000 0.599000 0.026200 0.050600
 0.020500 0.033300 0.599000 3.890600 0.574300 0.026200
 0.033300 0.020500 0.026200 0.574300 3.890600 0.599000
 0.776600 0.035200 0.050600 0.026200 0.599000 3.987000

REFERENCE MATRIX (6x6)
------------------------------
 4.500000 0.583333 0.083333 0.166667 0.083333 0.583333
 0.583333 4.500000 0.583333 0.083333 0.166667 0.083333
 0.083333 0.583333 4.500000 0.583333 0.083333 0.166667
 0.166667 0.083333 0.583333 4.500000 0.583333 0.083333
 0.083333 0.166667 0.083333 0.583333 4.500000 0.583333
 0.583333 0.083333 0.166667 0.083333 0.583333 4.500000

DIFFERENCE MATRIX : DELTA = REAL - REFERENCE
------------------------------
 -0.520200 0.028867 -0.048133 -0.146167 -0.050033 0.193267
 0.028867 -0.520200 0.193267 -0.050033 -0.146167 -0.048133
 -0.048133 0.193267 -0.513000 0.015667 -0.057133 -0.116067
 -0.146167 -0.050033 0.015667 -0.609400 -0.009033 -0.057133
 -0.050033 -0.146167 -0.057133 -0.009033 -0.609400 0.015667
 0.193267 -0.048133 -0.116067 -0.057133 0.015667 -0.513000

DISTANCES AND CONTRIBUTIONS
------------------------------
 Frobenius distance (full) : 1.451637
 Diagonal contribution     : 1.345470
 Off-diagonal contribution : 0.544939
 RMS matricielle           : 0.241939
 RMS hors diagonale        : 0.099492
 Final rank                : 2

Q WEIGHTED ANALYSIS
------------------------------
 Q Frobenius offdiag       : 0.317947
 Q RMS offdiag             : 0.058049

CHARGE TRANSFER ANALYSIS
------------------------------
 N_ref cycle               : 36.000000
 Population real (sum LDM) : 32.152200
 CT absolute               : -3.847800
 CT relative (%)           : -10.688333

AROMATIC HOMOGENEITY INDEX
------------------------------
 Number of unique pairs    : 15
 S_cycle_hom               : 0.374072

HOMOGENEITY ANALYSIS BY ORBIT
------------------------------
 Orbit       n pairs          S_orb          sigma            H_k
 ----------------------------------------------------------------------
 ortho             6       0.924026       0.096682       0.905280
 meta              6       0.077138       0.008829       0.897299
 para              3       0.086154       0.039815       0.683930

DETAIL OF x_ij = LDM_ij * r_ij BY ORBIT
------------------------------
 Orbit      Pair                     x_ij
 -------------------------------------------------
 ortho      (1, 2)               0.875249
 ortho      (1, 18)              1.059616
 ortho      (2, 3)               1.059616
 ortho      (3, 4)               0.858532
 ortho      (4, 17)              0.832612
 ortho      (17, 18)             0.858532
 meta       (1, 3)               0.085405
 meta       (1, 17)              0.081107
 meta       (2, 4)               0.081107
 meta       (2, 18)              0.085405
 meta       (3, 17)              0.064901
 meta       (4, 18)              0.064901
 para       (1, 4)               0.058001
 para       (2, 17)              0.058001
 para       (3, 18)              0.142461

 Corrected orbit-homogeneity index (S_hom) : 0.374072

ORBIT SUMMARY
------------------------------
 Orbit       n pairs     Ref. val    Mean real     Contrib.
 --------------------------------------------------------------
 ortho             6     0.583333     0.656283     0.275880
 meta              6     0.083333     0.031567     0.127156
 para              3     0.166667     0.030533     0.237067

ORBIT HOMOGENEITY SUMMARY
------------------------------
 Orbit       n pairs        S_orb        sigma            H
 ------------------------------------------------------------
 ortho             6     0.924026     0.096682     0.905280
 meta              6     0.077138     0.008829     0.897299
 para              3     0.086154     0.039815     0.683930

DETAILED ORBIT PAIR TABLE
------------------------------
 Orbit      Pair                   Real    Reference   Difference
 ----------------------------------------------------------------
 ortho      (1, 2)             0.612200     0.583333     0.028867
 ortho      (1, 18)            0.776600     0.583333     0.193267
 ortho      (2, 3)             0.776600     0.583333     0.193267
 ortho      (3, 4)             0.599000     0.583333     0.015667
 ortho      (4, 17)            0.574300     0.583333    -0.009033
 ortho      (17, 18)           0.599000     0.583333     0.015667
 meta       (1, 3)             0.035200     0.083333    -0.048133
 meta       (1, 17)            0.033300     0.083333    -0.050033
 meta       (2, 4)             0.033300     0.083333    -0.050033
 meta       (2, 18)            0.035200     0.083333    -0.048133
 meta       (3, 17)            0.026200     0.083333    -0.057133
 meta       (4, 18)            0.026200     0.083333    -0.057133
 para       (1, 4)             0.020500     0.166667    -0.146167
 para       (2, 17)            0.020500     0.166667    -0.146167
 para       (3, 18)            0.050600     0.166667    -0.116067

===============================================================
 Cycle number        : 2
 Cycle type          : ELEMENTAIRE
 Cycle size          : 6
 Cycle indices       : [4, 5, 6, 15, 16, 17]
 N_A per site (Z)    : [6, 6, 6, 6, 6, 6]
 Cycle status        : TRAITE
 Cycle origin        : AUTO
 N_pi reference      : 3
 Number of orbits    : 3
 Lambda              : 4.500000
 Symmetric submatrix : True
 Max asymmetry       : 0.000000e+00

REAL LDM SUBMATRIX
------------------------------
 3.890600 0.688100 0.030800 0.018100 0.029800 0.574300
 0.688100 3.985900 0.644900 0.028100 0.056000 0.029800
 0.030800 0.644900 3.888400 0.572500 0.028100 0.018100
 0.018100 0.028100 0.572500 3.888400 0.644900 0.030800
 0.029800 0.056000 0.028100 0.644900 3.985900 0.688100
 0.574300 0.029800 0.018100 0.030800 0.688100 3.890600

REFERENCE MATRIX (6x6)
------------------------------
 4.500000 0.583333 0.083333 0.166667 0.083333 0.583333
 0.583333 4.500000 0.583333 0.083333 0.166667 0.083333
 0.083333 0.583333 4.500000 0.583333 0.083333 0.166667
 0.166667 0.083333 0.583333 4.500000 0.583333 0.083333
 0.083333 0.166667 0.083333 0.583333 4.500000 0.583333
 0.583333 0.083333 0.166667 0.083333 0.583333 4.500000

DIFFERENCE MATRIX : DELTA = REAL - REFERENCE
------------------------------
 -0.609400 0.104767 -0.052533 -0.148567 -0.053533 -0.009033
 0.104767 -0.514100 0.061567 -0.055233 -0.110667 -0.053533
 -0.052533 0.061567 -0.611600 -0.010833 -0.055233 -0.148567
 -0.148567 -0.055233 -0.010833 -0.611600 0.061567 -0.052533
 -0.053533 -0.110667 -0.055233 0.061567 -0.514100 0.104767
 -0.009033 -0.053533 -0.148567 -0.052533 0.104767 -0.609400

DISTANCES AND CONTRIBUTIONS
------------------------------
 Frobenius distance (full) : 1.492111
 Diagonal contribution     : 1.421071
 Off-diagonal contribution : 0.454919
 RMS matricielle           : 0.248685
 RMS hors diagonale        : 0.083057
 Final rank                : 3

Q WEIGHTED ANALYSIS
------------------------------
 Q Frobenius offdiag       : 0.224290
 Q RMS offdiag             : 0.040950

CHARGE TRANSFER ANALYSIS
------------------------------
 N_ref cycle               : 36.000000
 Population real (sum LDM) : 31.694600
 CT absolute               : -4.305400
 CT relative (%)           : -11.959444

AROMATIC HOMOGENEITY INDEX
------------------------------
 Number of unique pairs    : 15
 S_cycle_hom               : 0.379073

HOMOGENEITY ANALYSIS BY ORBIT
------------------------------
 Orbit       n pairs          S_orb          sigma            H_k
 ----------------------------------------------------------------------
 ortho             6       0.898989       0.051722       0.945596
 meta              6       0.072530       0.002558       0.965930
 para              3       0.086774       0.049905       0.634872

DETAIL OF x_ij = LDM_ij * r_ij BY ORBIT
------------------------------
 Orbit      Pair                     x_ij
 -------------------------------------------------
 ortho      (4, 5)               0.956961
 ortho      (4, 17)              0.832612
 ortho      (5, 6)               0.908621
 ortho      (6, 15)              0.830154
 ortho      (15, 16)             0.908621
 ortho      (16, 17)             0.956961
 meta       (4, 6)               0.075375
 meta       (4, 16)              0.073043
 meta       (5, 15)              0.069172
 meta       (5, 17)              0.073043
 meta       (6, 16)              0.069172
 meta       (15, 17)             0.075375
 para       (4, 15)              0.051485
 para       (5, 16)              0.157350
 para       (6, 17)              0.051485

 Corrected orbit-homogeneity index (S_hom) : 0.379073

ORBIT SUMMARY
------------------------------
 Orbit       n pairs     Ref. val    Mean real     Contrib.
 --------------------------------------------------------------
 ortho             6     0.583333     0.635467     0.172430
 meta              6     0.083333     0.029567     0.131729
 para              3     0.166667     0.030733     0.237468

ORBIT HOMOGENEITY SUMMARY
------------------------------
 Orbit       n pairs        S_orb        sigma            H
 ------------------------------------------------------------
 ortho             6     0.898989     0.051722     0.945596
 meta              6     0.072530     0.002558     0.965930
 para              3     0.086774     0.049905     0.634872

DETAILED ORBIT PAIR TABLE
------------------------------
 Orbit      Pair                   Real    Reference   Difference
 ----------------------------------------------------------------
 ortho      (4, 5)             0.688100     0.583333     0.104767
 ortho      (4, 17)            0.574300     0.583333    -0.009033
 ortho      (5, 6)             0.644900     0.583333     0.061567
 ortho      (6, 15)            0.572500     0.583333    -0.010833
 ortho      (15, 16)           0.644900     0.583333     0.061567
 ortho      (16, 17)           0.688100     0.583333     0.104767
 meta       (4, 6)             0.030800     0.083333    -0.052533
 meta       (4, 16)            0.029800     0.083333    -0.053533
 meta       (5, 15)            0.028100     0.083333    -0.055233
 meta       (5, 17)            0.029800     0.083333    -0.053533
 meta       (6, 16)            0.028100     0.083333    -0.055233
 meta       (15, 17)           0.030800     0.083333    -0.052533
 para       (4, 15)            0.018100     0.166667    -0.148567
 para       (5, 16)            0.056000     0.166667    -0.110667
 para       (6, 17)            0.018100     0.166667    -0.148567

===============================================================
 Cycle number        : 3
 Cycle type          : ELEMENTAIRE
 Cycle size          : 6
 Cycle indices       : [6, 7, 8, 13, 14, 15]
 N_A per site (Z)    : [6, 6, 6, 6, 6, 6]
 Cycle status        : TRAITE
 Cycle origin        : AUTO
 N_pi reference      : 3
 Number of orbits    : 3
 Lambda              : 4.500000
 Symmetric submatrix : True
 Max asymmetry       : 0.000000e+00

REAL LDM SUBMATRIX
------------------------------
 3.888400 0.644900 0.030800 0.018100 0.028100 0.572500
 0.644900 3.985900 0.688100 0.029800 0.056000 0.028100
 0.030800 0.688100 3.890600 0.574300 0.029800 0.018100
 0.018100 0.029800 0.574300 3.890600 0.688100 0.030800
 0.028100 0.056000 0.029800 0.688100 3.985900 0.644900
 0.572500 0.028100 0.018100 0.030800 0.644900 3.888400

REFERENCE MATRIX (6x6)
------------------------------
 4.500000 0.583333 0.083333 0.166667 0.083333 0.583333
 0.583333 4.500000 0.583333 0.083333 0.166667 0.083333
 0.083333 0.583333 4.500000 0.583333 0.083333 0.166667
 0.166667 0.083333 0.583333 4.500000 0.583333 0.083333
 0.083333 0.166667 0.083333 0.583333 4.500000 0.583333
 0.583333 0.083333 0.166667 0.083333 0.583333 4.500000

DIFFERENCE MATRIX : DELTA = REAL - REFERENCE
------------------------------
 -0.611600 0.061567 -0.052533 -0.148567 -0.055233 -0.010833
 0.061567 -0.514100 0.104767 -0.053533 -0.110667 -0.055233
 -0.052533 0.104767 -0.609400 -0.009033 -0.053533 -0.148567
 -0.148567 -0.053533 -0.009033 -0.609400 0.104767 -0.052533
 -0.055233 -0.110667 -0.053533 0.104767 -0.514100 0.061567
 -0.010833 -0.055233 -0.148567 -0.052533 0.061567 -0.611600

DISTANCES AND CONTRIBUTIONS
------------------------------
 Frobenius distance (full) : 1.492111
 Diagonal contribution     : 1.421071
 Off-diagonal contribution : 0.454919
 RMS matricielle           : 0.248685
 RMS hors diagonale        : 0.083057
 Final rank                : 3

Q WEIGHTED ANALYSIS
------------------------------
 Q Frobenius offdiag       : 0.224290
 Q RMS offdiag             : 0.040950

CHARGE TRANSFER ANALYSIS
------------------------------
 N_ref cycle               : 36.000000
 Population real (sum LDM) : 31.694600
 CT absolute               : -4.305400
 CT relative (%)           : -11.959444

AROMATIC HOMOGENEITY INDEX
------------------------------
 Number of unique pairs    : 15
 S_cycle_hom               : 0.379073

HOMOGENEITY ANALYSIS BY ORBIT
------------------------------
 Orbit       n pairs          S_orb          sigma            H_k
 ----------------------------------------------------------------------
 ortho             6       0.898989       0.051722       0.945596
 meta              6       0.072530       0.002558       0.965930
 para              3       0.086774       0.049905       0.634872

DETAIL OF x_ij = LDM_ij * r_ij BY ORBIT
------------------------------
 Orbit      Pair                     x_ij
 -------------------------------------------------
 ortho      (6, 7)               0.908621
 ortho      (6, 15)              0.830154
 ortho      (7, 8)               0.956961
 ortho      (8, 13)              0.832612
 ortho      (13, 14)             0.956961
 ortho      (14, 15)             0.908621
 meta       (6, 8)               0.075375
 meta       (6, 14)              0.069172
 meta       (7, 13)              0.073043
 meta       (7, 15)              0.069172
 meta       (8, 14)              0.073043
 meta       (13, 15)             0.075375
 para       (6, 13)              0.051485
 para       (7, 14)              0.157350
 para       (8, 15)              0.051485

 Corrected orbit-homogeneity index (S_hom) : 0.379073

ORBIT SUMMARY
------------------------------
 Orbit       n pairs     Ref. val    Mean real     Contrib.
 --------------------------------------------------------------
 ortho             6     0.583333     0.635467     0.172430
 meta              6     0.083333     0.029567     0.131729
 para              3     0.166667     0.030733     0.237468

ORBIT HOMOGENEITY SUMMARY
------------------------------
 Orbit       n pairs        S_orb        sigma            H
 ------------------------------------------------------------
 ortho             6     0.898989     0.051722     0.945596
 meta              6     0.072530     0.002558     0.965930
 para              3     0.086774     0.049905     0.634872

DETAILED ORBIT PAIR TABLE
------------------------------
 Orbit      Pair                   Real    Reference   Difference
 ----------------------------------------------------------------
 ortho      (6, 7)             0.644900     0.583333     0.061567
 ortho      (6, 15)            0.572500     0.583333    -0.010833
 ortho      (7, 8)             0.688100     0.583333     0.104767
 ortho      (8, 13)            0.574300     0.583333    -0.009033
 ortho      (13, 14)           0.688100     0.583333     0.104767
 ortho      (14, 15)           0.644900     0.583333     0.061567
 meta       (6, 8)             0.030800     0.083333    -0.052533
 meta       (6, 14)            0.028100     0.083333    -0.055233
 meta       (7, 13)            0.029800     0.083333    -0.053533
 meta       (7, 15)            0.028100     0.083333    -0.055233
 meta       (8, 14)            0.029800     0.083333    -0.053533
 meta       (13, 15)           0.030800     0.083333    -0.052533
 para       (6, 13)            0.018100     0.166667    -0.148567
 para       (7, 14)            0.056000     0.166667    -0.110667
 para       (8, 15)            0.018100     0.166667    -0.148567

===============================================================
 Cycle number        : 7
 Cycle type          : PERIPHERAL
 Cycle size          : 10
 Cycle indices       : [6, 7, 8, 9, 10, 11, 12, 13, 14, 15]
 N_A per site (Z)    : [6, 6, 6, 6, 6, 6, 6, 6, 6, 6]
 Cycle status        : TRAITE
 Cycle origin        : AUTO
 N_pi reference      : 5
 Number of orbits    : 5
 Lambda              : 4.500000
 Symmetric submatrix : True
 Max asymmetry       : 0.000000e+00

REAL LDM SUBMATRIX
------------------------------
 3.888400 0.644900 0.030800 0.010100 0.002700 0.006100 0.001700 0.018100 0.028100 0.572500
 0.644900 3.985900 0.688100 0.032700 0.023700 0.002500 0.005700 0.029800 0.056000 0.028100
 0.030800 0.688100 3.890600 0.599000 0.033300 0.020500 0.026200 0.574300 0.029800 0.018100
 0.010100 0.032700 0.599000 3.987000 0.776600 0.035200 0.050600 0.026200 0.005700 0.001700
 0.002700 0.023700 0.033300 0.776600 3.979900 0.612200 0.035200 0.020500 0.002500 0.006100
 0.006100 0.002500 0.020500 0.035200 0.612200 3.979900 0.776600 0.033300 0.023700 0.002700
 0.001700 0.005700 0.026200 0.050600 0.035200 0.776600 3.987000 0.599000 0.032700 0.010100
 0.018100 0.029800 0.574300 0.026200 0.020500 0.033300 0.599000 3.890600 0.688100 0.030800
 0.028100 0.056000 0.029800 0.005700 0.002500 0.023700 0.032700 0.688100 3.985900 0.644900
 0.572500 0.028100 0.018100 0.001700 0.006100 0.002700 0.010100 0.030800 0.644900 3.888400

REFERENCE MATRIX (10x10)
------------------------------
 4.500000 0.550000 0.050000 0.050000 0.050000 0.100000 0.050000 0.050000 0.050000 0.550000
 0.550000 4.500000 0.550000 0.050000 0.050000 0.050000 0.100000 0.050000 0.050000 0.050000
 0.050000 0.550000 4.500000 0.550000 0.050000 0.050000 0.050000 0.550000 0.050000 0.050000
 0.050000 0.050000 0.550000 4.500000 0.550000 0.050000 0.050000 0.050000 0.100000 0.050000
 0.050000 0.050000 0.050000 0.550000 4.500000 0.550000 0.050000 0.050000 0.050000 0.100000
 0.100000 0.050000 0.050000 0.050000 0.550000 4.500000 0.550000 0.050000 0.050000 0.050000
 0.050000 0.100000 0.050000 0.050000 0.050000 0.550000 4.500000 0.550000 0.050000 0.050000
 0.050000 0.050000 0.550000 0.050000 0.050000 0.050000 0.550000 4.500000 0.550000 0.050000
 0.050000 0.050000 0.050000 0.100000 0.050000 0.050000 0.050000 0.550000 4.500000 0.550000
 0.550000 0.050000 0.050000 0.050000 0.100000 0.050000 0.050000 0.050000 0.550000 4.500000

DIFFERENCE MATRIX : DELTA = REAL - REFERENCE
------------------------------
 -0.611600 0.094900 -0.019200 -0.039900 -0.047300 -0.093900 -0.048300 -0.031900 -0.021900 0.022500
 0.094900 -0.514100 0.138100 -0.017300 -0.026300 -0.047500 -0.094300 -0.020200 0.006000 -0.021900
 -0.019200 0.138100 -0.609400 0.049000 -0.016700 -0.029500 -0.023800 0.024300 -0.020200 -0.031900
 -0.039900 -0.017300 0.049000 -0.513000 0.226600 -0.014800 0.000600 -0.023800 -0.094300 -0.048300
 -0.047300 -0.026300 -0.016700 0.226600 -0.520100 0.062200 -0.014800 -0.029500 -0.047500 -0.093900
 -0.093900 -0.047500 -0.029500 -0.014800 0.062200 -0.520100 0.226600 -0.016700 -0.026300 -0.047300
 -0.048300 -0.094300 -0.023800 0.000600 -0.014800 0.226600 -0.513000 0.049000 -0.017300 -0.039900
 -0.031900 -0.020200 0.024300 -0.023800 -0.029500 -0.016700 0.049000 -0.609400 0.138100 -0.019200
 -0.021900 0.006000 -0.020200 -0.094300 -0.047500 -0.026300 -0.017300 0.138100 -0.514100 0.094900
 0.022500 -0.021900 -0.031900 -0.048300 -0.093900 -0.047300 -0.039900 -0.019200 0.094900 -0.611600

DISTANCES AND CONTRIBUTIONS
------------------------------
 Frobenius distance (full) : 1.883987
 Diagonal contribution     : 1.756926
 Off-diagonal contribution : 0.680161
 RMS matricielle           : 0.188399
 RMS hors diagonale        : 0.071695
 Final rank                : 4

Q WEIGHTED ANALYSIS
------------------------------
 Q Frobenius offdiag       : 0.431324
 Q RMS offdiag             : 0.045466

CHARGE TRANSFER ANALYSIS
------------------------------
 N_ref cycle               : 60.000000
 Population real (sum LDM) : 55.258000
 CT absolute               : -4.742000
 CT relative (%)           : -7.903333

AROMATIC HOMOGENEITY INDEX
------------------------------
 Number of unique pairs    : 45
 S_cycle_hom               : 0.229528

HOMOGENEITY ANALYSIS BY ORBIT
------------------------------
 Orbit       n pairs          S_orb          sigma            H_k
 ----------------------------------------------------------------------
 ortho            10       0.927287       0.076862       0.923456
 meta             10       0.078388       0.005601       0.933312
 para             10       0.077095       0.040047       0.658130
 d4               10       0.033790       0.028902       0.538980
 d5                5       0.187483       0.322594       0.367559

DETAIL OF x_ij = LDM_ij * r_ij BY ORBIT
------------------------------
 Orbit      Pair                     x_ij
 -------------------------------------------------
 ortho      (6, 7)               0.908621
 ortho      (6, 15)              0.830154
 ortho      (7, 8)               0.956961
 ortho      (8, 9)               0.858532
 ortho      (9, 10)              1.059616
 ortho      (10, 11)             0.875249
 ortho      (11, 12)             1.059616
 ortho      (12, 13)             0.858532
 ortho      (13, 14)             0.956961
 ortho      (14, 15)             0.908621
 meta       (6, 8)               0.075375
 meta       (6, 14)              0.069172
 meta       (7, 9)               0.080879
 meta       (7, 15)              0.069172
 meta       (8, 10)              0.081107
 meta       (9, 11)              0.085405
 meta       (10, 12)             0.085405
 meta       (11, 13)             0.081107
 meta       (12, 14)             0.080879
 meta       (13, 15)             0.075375
 para       (6, 9)               0.038074
 para       (6, 13)              0.051485
 para       (7, 10)              0.088009
 para       (7, 14)              0.157350
 para       (8, 11)              0.058001
 para       (8, 15)              0.051485
 para       (9, 12)              0.142461
 para       (10, 13)             0.058001
 para       (11, 14)             0.088009
 para       (12, 15)             0.038074
 d4         (6, 10)              0.013184
 d4         (6, 12)              0.007271
 d4         (7, 11)              0.010550
 d4         (7, 13)              0.073043
 d4         (8, 12)              0.064901
 d4         (8, 14)              0.073043
 d4         (9, 13)              0.064901
 d4         (9, 15)              0.007271
 d4         (10, 14)             0.010550
 d4         (11, 15)             0.013184
 d5         (6, 11)              0.031053
 d5         (7, 12)              0.021349
 d5         (8, 13)              0.832612
 d5         (9, 14)              0.021349
 d5         (10, 15)             0.031053

 Corrected orbit-homogeneity index (S_hom) : 0.229528

ORBIT SUMMARY
------------------------------
 Orbit       n pairs     Ref. val    Mean real     Contrib.
 --------------------------------------------------------------
 ortho            10     0.550000     0.660190     0.409912
 meta             10     0.050000     0.032020     0.057367
 para             10     0.050000     0.025140     0.091539
 d4               10     0.050000     0.012580     0.124907
 d5                5     0.100000     0.119580     0.189763

ORBIT HOMOGENEITY SUMMARY
------------------------------
 Orbit       n pairs        S_orb        sigma            H
 ------------------------------------------------------------
 ortho            10     0.927287     0.076862     0.923456
 meta             10     0.078388     0.005601     0.933312
 para             10     0.077095     0.040047     0.658130
 d4               10     0.033790     0.028902     0.538980
 d5                5     0.187483     0.322594     0.367559

DETAILED ORBIT PAIR TABLE
------------------------------
 Orbit      Pair                   Real    Reference   Difference
 ----------------------------------------------------------------
 ortho      (6, 7)             0.644900     0.550000     0.094900
 ortho      (6, 15)            0.572500     0.550000     0.022500
 ortho      (7, 8)             0.688100     0.550000     0.138100
 ortho      (8, 9)             0.599000     0.550000     0.049000
 ortho      (9, 10)            0.776600     0.550000     0.226600
 ortho      (10, 11)           0.612200     0.550000     0.062200
 ortho      (11, 12)           0.776600     0.550000     0.226600
 ortho      (12, 13)           0.599000     0.550000     0.049000
 ortho      (13, 14)           0.688100     0.550000     0.138100
 ortho      (14, 15)           0.644900     0.550000     0.094900
 meta       (6, 8)             0.030800     0.050000    -0.019200
 meta       (6, 14)            0.028100     0.050000    -0.021900
 meta       (7, 9)             0.032700     0.050000    -0.017300
 meta       (7, 15)            0.028100     0.050000    -0.021900
 meta       (8, 10)            0.033300     0.050000    -0.016700
 meta       (9, 11)            0.035200     0.050000    -0.014800
 meta       (10, 12)           0.035200     0.050000    -0.014800
 meta       (11, 13)           0.033300     0.050000    -0.016700
 meta       (12, 14)           0.032700     0.050000    -0.017300
 meta       (13, 15)           0.030800     0.050000    -0.019200
 para       (6, 9)             0.010100     0.050000    -0.039900
 para       (6, 13)            0.018100     0.050000    -0.031900
 para       (7, 10)            0.023700     0.050000    -0.026300
 para       (7, 14)            0.056000     0.050000     0.006000
 para       (8, 11)            0.020500     0.050000    -0.029500
 para       (8, 15)            0.018100     0.050000    -0.031900
 para       (9, 12)            0.050600     0.050000     0.000600
 para       (10, 13)           0.020500     0.050000    -0.029500
 para       (11, 14)           0.023700     0.050000    -0.026300
 para       (12, 15)           0.010100     0.050000    -0.039900
 d4         (6, 10)            0.002700     0.050000    -0.047300
 d4         (6, 12)            0.001700     0.050000    -0.048300
 d4         (7, 11)            0.002500     0.050000    -0.047500
 d4         (7, 13)            0.029800     0.050000    -0.020200
 d4         (8, 12)            0.026200     0.050000    -0.023800
 d4         (8, 14)            0.029800     0.050000    -0.020200
 d4         (9, 13)            0.026200     0.050000    -0.023800
 d4         (9, 15)            0.001700     0.050000    -0.048300
 d4         (10, 14)           0.002500     0.050000    -0.047500
 d4         (11, 15)           0.002700     0.050000    -0.047300
 d5         (6, 11)            0.006100     0.100000    -0.093900
 d5         (7, 12)            0.005700     0.100000    -0.094300
 ortho      (8, 13)            0.574300     0.550000     0.024300
 d5         (9, 14)            0.005700     0.100000    -0.094300
 d5         (10, 15)           0.006100     0.100000    -0.093900

===============================================================
 Cycle number        : 5
 Cycle type          : PERIPHERAL
 Cycle size          : 10
 Cycle indices       : [1, 2, 3, 4, 5, 6, 15, 16, 17, 18]
 N_A per site (Z)    : [6, 6, 6, 6, 6, 6, 6, 6, 6, 6]
 Cycle status        : TRAITE
 Cycle origin        : AUTO
 N_pi reference      : 5
 Number of orbits    : 5
 Lambda              : 4.500000
 Symmetric submatrix : True
 Max asymmetry       : 0.000000e+00

REAL LDM SUBMATRIX
------------------------------
 3.979800 0.612200 0.035200 0.020500 0.002500 0.006100 0.002700 0.023700 0.033300 0.776600
 0.612200 3.979800 0.776600 0.033300 0.023700 0.002700 0.006100 0.002500 0.020500 0.035200
 0.035200 0.776600 3.987000 0.599000 0.032700 0.010100 0.001700 0.005700 0.026200 0.050600
 0.020500 0.033300 0.599000 3.890600 0.688100 0.030800 0.018100 0.029800 0.574300 0.026200
 0.002500 0.023700 0.032700 0.688100 3.985900 0.644900 0.028100 0.056000 0.029800 0.005700
 0.006100 0.002700 0.010100 0.030800 0.644900 3.888400 0.572500 0.028100 0.018100 0.001700
 0.002700 0.006100 0.001700 0.018100 0.028100 0.572500 3.888400 0.644900 0.030800 0.010100
 0.023700 0.002500 0.005700 0.029800 0.056000 0.028100 0.644900 3.985900 0.688100 0.032700
 0.033300 0.020500 0.026200 0.574300 0.029800 0.018100 0.030800 0.688100 3.890600 0.599000
 0.776600 0.035200 0.050600 0.026200 0.005700 0.001700 0.010100 0.032700 0.599000 3.987000

REFERENCE MATRIX (10x10)
------------------------------
 4.500000 0.550000 0.050000 0.050000 0.050000 0.100000 0.050000 0.050000 0.050000 0.550000
