===============================================================
                    AroX.v0.3.4 REPORT
===============================================================
 Program name        : AroX.v0.3.4
 Input geometry file : Pyracylene_6-311+Gdp_rho_dist.dat
 Geometry input type : DIST
 Input LDM file      : Pyracylene_6-311+Gdp_rho_ldm.dat
 Output file         : Pyracylene_6-311+Gdp_rho_dist.arx
 Shared cycles       : AUTO cycles + optional free MANUAL cycles + generated FUSED cycles
 Manual cycle rule   : accepted even without contour connectivity
 Fused cycle rule    : generated by symmetric difference of auto/manual cycle edges
===============================================================

===============================================================
                 SHARED PRELIMINARY CYCLE ANALYSIS
===============================================================
 Détection automatique des carbones
 ------------------------------
 Atome   1 | C | voisins = 3 | type = sp2     | rayon = 0.73 Å
 Atome   2 | C | voisins = 3 | type = sp2     | rayon = 0.73 Å
 Atome   3 | C | voisins = 3 | type = sp2     | rayon = 0.73 Å
 Atome   4 | C | voisins = 3 | type = sp2     | rayon = 0.73 Å
 Atome   5 | C | voisins = 3 | type = sp2     | rayon = 0.73 Å
 Atome   6 | C | voisins = 3 | type = sp2     | rayon = 0.73 Å
 Atome   7 | C | voisins = 3 | type = sp2     | rayon = 0.73 Å
 Atome   8 | C | voisins = 3 | type = sp2     | rayon = 0.73 Å
 Atome   9 | C | voisins = 3 | type = sp2     | rayon = 0.73 Å
 Atome  10 | C | voisins = 3 | type = sp2     | rayon = 0.73 Å
 Atome  11 | C | voisins = 3 | type = sp2     | rayon = 0.73 Å
 Atome  12 | C | voisins = 3 | type = sp2     | rayon = 0.73 Å
 Atome  13 | C | voisins = 3 | type = sp2     | rayon = 0.73 Å
 Atome  14 | C | voisins = 3 | type = sp2     | rayon = 0.73 Å

 Connectivité détectée
 ------------------------------
 Atome   1 -> voisins : [2, 12, 15]
 Atome   2 -> voisins : [1, 3, 16]
 Atome   3 -> voisins : [2, 4, 14]
 Atome   4 -> voisins : [3, 5, 17]
 Atome   5 -> voisins : [4, 6, 18]
 Atome   6 -> voisins : [5, 7, 14]
 Atome   7 -> voisins : [6, 8, 19]
 Atome   8 -> voisins : [7, 9, 20]
 Atome   9 -> voisins : [8, 10, 13]
 Atome  10 -> voisins : [9, 11, 21]
 Atome  11 -> voisins : [10, 12, 22]
 Atome  12 -> voisins : [1, 11, 13]
 Atome  13 -> voisins : [9, 12, 14]
 Atome  14 -> voisins : [3, 6, 13]
 Atome  15 -> voisins : [1]
 Atome  16 -> voisins : [2]
 Atome  17 -> voisins : [4]
 Atome  18 -> voisins : [5]
 Atome  19 -> voisins : [7]
 Atome  20 -> voisins : [8]
 Atome  21 -> voisins : [10]
 Atome  22 -> voisins : [11]

 Cycles détectés automatiquement
 ------------------------------
 Cycle  1 | type = ELEMENTAIRE   | taille = 5  | indices = [3, 4, 5, 6, 14] | origine = AUTO        | cordes = 0  | statut = TRAITE
 Cycle  2 | type = ELEMENTAIRE   | taille = 5  | indices = [9, 10, 11, 12, 13] | origine = AUTO        | cordes = 0  | statut = TRAITE
 Cycle  3 | type = ELEMENTAIRE   | taille = 6  | indices = [1, 2, 3, 14, 13, 12] | origine = AUTO        | cordes = 0  | statut = TRAITE
 Cycle  4 | type = ELEMENTAIRE   | taille = 6  | indices = [6, 7, 8, 9, 13, 14] | origine = AUTO        | cordes = 0  | statut = TRAITE
 Cycle  5 | type = PERIPHERAL    | taille = 9  | indices = [1, 2, 3, 4, 5, 6, 14, 13, 12] | origine = AUTO        | cordes = 1  | statut = TRAITE
 Cycle  6 | type = PERIPHERAL    | taille = 9  | indices = [1, 2, 3, 14, 13, 9, 10, 11, 12] | origine = AUTO        | cordes = 1  | statut = TRAITE
 Cycle  7 | type = PERIPHERAL    | taille = 9  | indices = [3, 4, 5, 6, 7, 8, 9, 13, 14] | origine = AUTO        | cordes = 1  | statut = TRAITE
 Cycle  8 | type = PERIPHERAL    | taille = 9  | indices = [6, 7, 8, 9, 10, 11, 12, 13, 14] | origine = AUTO        | cordes = 1  | statut = TRAITE
 Cycle  9 | type = PERIPHERAL    | taille = 10 | indices = [1, 2, 3, 14, 6, 7, 8, 9, 13, 12] | origine = AUTO        | cordes = 1  | statut = TRAITE
 Cycle 10 | type = ELEMENTAIRE   | taille = 11 | indices = [1, 2, 3, 4, 5, 6, 7, 8, 9, 13, 12] | origine = AUTO        | cordes = 0  | statut = TRAITE
 Cycle 11 | type = ELEMENTAIRE   | taille = 11 | indices = [1, 2, 3, 14, 6, 7, 8, 9, 10, 11, 12] | origine = AUTO        | cordes = 0  | statut = TRAITE
 Cycle 12 | type = ELEMENTAIRE   | taille = 12 | indices = [1, 2, 3, 4, 5, 6, 7, 8, 9, 10, 11, 12] | origine = AUTO        | cordes = 0  | statut = TRAITE
 Cycle 13 | type = PERIPHERAL    | taille = 12 | indices = [1, 2, 3, 4, 5, 6, 14, 13, 9, 10, 11, 12] | origine = AUTO        | cordes = 2  | statut = TRAITE
 Cycle 14 | type = PERIPHERAL    | taille = 12 | indices = [3, 4, 5, 6, 7, 8, 9, 10, 11, 12, 13, 14] | origine = AUTO        | cordes = 2  | statut = TRAITE


===============================================================
                 LDM DETAILED ANALYSIS
===============================================================
 Reference type      : EG
 epsilon_O           : 0.583333
 epsilon_P           : 0.166667
 epsilon_M           : 0.083333
 N_A (default C)     : 6.000000
 N_A per site        : Z of each atom in the cycle (auto from geometry)
 lambda (benzene EG) : 4.500000
 lambda formula      : lambda_k = Z_k - sum(off-diagonal row k)
===============================================================

===============================================================
 Cycle number        : 1
 Cycle type          : ELEMENTAIRE
 Cycle size          : 5
 Cycle indices       : [3, 4, 5, 6, 14]
 N_A per site (Z)    : [6, 6, 6, 6, 6]
 Cycle status        : TRAITE
 Cycle origin        : AUTO
 N_pi reference      : 3
 Number of orbits    : 2
 Lambda              : 4.400000
 Symmetric submatrix : True
 Max asymmetry       : 0.000000e+00

REAL LDM SUBMATRIX
------------------------------
 3.909200 0.535000 0.038700 0.029300 0.590900
 0.535000 4.004100 0.838800 0.038700 0.036000
 0.038700 0.838800 4.004000 0.535000 0.036000
 0.029300 0.038700 0.535000 3.909200 0.590900
 0.590900 0.036000 0.036000 0.590900 3.873700

REFERENCE MATRIX (5x5)
------------------------------
 4.400000 0.650000 0.150000 0.150000 0.650000
 0.650000 4.400000 0.650000 0.150000 0.150000
 0.150000 0.650000 4.400000 0.650000 0.150000
 0.150000 0.150000 0.650000 4.400000 0.650000
 0.650000 0.150000 0.150000 0.650000 4.400000

DIFFERENCE MATRIX : DELTA = REAL - REFERENCE
------------------------------
 -0.490800 -0.115000 -0.111300 -0.120700 -0.059100
 -0.115000 -0.395900 0.188800 -0.111300 -0.114000
 -0.111300 0.188800 -0.396000 -0.115000 -0.114000
 -0.120700 -0.111300 -0.115000 -0.490800 -0.059100
 -0.059100 -0.114000 -0.114000 -0.059100 -0.526300

DISTANCES AND CONTRIBUTIONS
------------------------------
 Frobenius distance (full) : 1.158079
 Diagonal contribution     : 1.035526
 Off-diagonal contribution : 0.518492
 RMS matricielle           : 0.231616
 RMS hors diagonale        : 0.115938
 Final rank                : 1

Q WEIGHTED ANALYSIS
------------------------------
 Q Frobenius offdiag       : 0.305819
 Q RMS offdiag             : 0.068383

CHARGE TRANSFER ANALYSIS
------------------------------
 N_ref cycle               : 30.000000
 Population real (sum LDM) : 26.238800
 CT absolute               : -3.761200
 CT relative (%)           : -12.537333

AROMATIC HOMOGENEITY INDEX
------------------------------
 Number of unique pairs    : 10
 S_cycle_hom               : 0.420105

HOMOGENEITY ANALYSIS BY ORBIT
------------------------------
 Orbit       n pairs          S_orb          sigma            H_k
 ----------------------------------------------------------------------
 ortho             5       0.880170       0.133017       0.868715
 meta              5       0.082691       0.007763       0.914175

DETAIL OF x_ij = LDM_ij * r_ij BY ORBIT
------------------------------
 Orbit      Pair                     x_ij
 -------------------------------------------------
 ortho      (3, 4)               0.798058
 ortho      (3, 14)              0.830037
 ortho      (4, 5)               1.144661
 ortho      (5, 6)               0.798058
 ortho      (6, 14)              0.830037
 meta       (3, 5)               0.090301
 meta       (3, 6)               0.069121
 meta       (4, 6)               0.090301
 meta       (4, 14)              0.081865
 meta       (5, 14)              0.081865

 Corrected orbit-homogeneity index (S_hom) : 0.420105

ORBIT SUMMARY
------------------------------
 Orbit       n pairs     Ref. val    Mean real     Contrib.
 --------------------------------------------------------------
 ortho             5     0.650000     0.618120     0.262833
 meta              5     0.150000     0.035740     0.255609

ORBIT HOMOGENEITY SUMMARY
------------------------------
 Orbit       n pairs        S_orb        sigma            H
 ------------------------------------------------------------
 ortho             5     0.880170     0.133017     0.868715
 meta              5     0.082691     0.007763     0.914175

DETAILED ORBIT PAIR TABLE
------------------------------
 Orbit      Pair                   Real    Reference   Difference
 ----------------------------------------------------------------
 ortho      (3, 4)             0.535000     0.650000    -0.115000
 ortho      (3, 14)            0.590900     0.650000    -0.059100
 ortho      (4, 5)             0.838800     0.650000     0.188800
 ortho      (5, 6)             0.535000     0.650000    -0.115000
 ortho      (6, 14)            0.590900     0.650000    -0.059100
 meta       (3, 5)             0.038700     0.150000    -0.111300
 meta       (3, 6)             0.029300     0.150000    -0.120700
 meta       (4, 6)             0.038700     0.150000    -0.111300
 meta       (4, 14)            0.036000     0.150000    -0.114000
 meta       (5, 14)            0.036000     0.150000    -0.114000

===============================================================
 Cycle number        : 2
 Cycle type          : ELEMENTAIRE
 Cycle size          : 5
 Cycle indices       : [9, 10, 11, 12, 13]
 N_A per site (Z)    : [6, 6, 6, 6, 6]
 Cycle status        : TRAITE
 Cycle origin        : AUTO
 N_pi reference      : 3
 Number of orbits    : 2
 Lambda              : 4.400000
 Symmetric submatrix : True
 Max asymmetry       : 0.000000e+00

REAL LDM SUBMATRIX
------------------------------
 3.909200 0.535000 0.038700 0.029300 0.590900
 0.535000 4.004000 0.838800 0.038700 0.036000
 0.038700 0.838800 4.004000 0.535000 0.036000
 0.029300 0.038700 0.535000 3.909200 0.590900
 0.590900 0.036000 0.036000 0.590900 3.873700

REFERENCE MATRIX (5x5)
------------------------------
 4.400000 0.650000 0.150000 0.150000 0.650000
 0.650000 4.400000 0.650000 0.150000 0.150000
 0.150000 0.650000 4.400000 0.650000 0.150000
 0.150000 0.150000 0.650000 4.400000 0.650000
 0.650000 0.150000 0.150000 0.650000 4.400000

DIFFERENCE MATRIX : DELTA = REAL - REFERENCE
------------------------------
 -0.490800 -0.115000 -0.111300 -0.120700 -0.059100
 -0.115000 -0.396000 0.188800 -0.111300 -0.114000
 -0.111300 0.188800 -0.396000 -0.115000 -0.114000
 -0.120700 -0.111300 -0.115000 -0.490800 -0.059100
 -0.059100 -0.114000 -0.114000 -0.059100 -0.526300

DISTANCES AND CONTRIBUTIONS
------------------------------
 Frobenius distance (full) : 1.158113
 Diagonal contribution     : 1.035564
 Off-diagonal contribution : 0.518492
 RMS matricielle           : 0.231623
 RMS hors diagonale        : 0.115938
 Final rank                : 2

Q WEIGHTED ANALYSIS
------------------------------
 Q Frobenius offdiag       : 0.305819
 Q RMS offdiag             : 0.068383

CHARGE TRANSFER ANALYSIS
------------------------------
 N_ref cycle               : 30.000000
 Population real (sum LDM) : 26.238700
 CT absolute               : -3.761300
 CT relative (%)           : -12.537667

AROMATIC HOMOGENEITY INDEX
------------------------------
 Number of unique pairs    : 10
 S_cycle_hom               : 0.420105

HOMOGENEITY ANALYSIS BY ORBIT
------------------------------
 Orbit       n pairs          S_orb          sigma            H_k
 ----------------------------------------------------------------------
 ortho             5       0.880170       0.133017       0.868715
 meta              5       0.082691       0.007763       0.914175

DETAIL OF x_ij = LDM_ij * r_ij BY ORBIT
------------------------------
 Orbit      Pair                     x_ij
 -------------------------------------------------
 ortho      (9, 10)              0.798058
 ortho      (9, 13)              0.830037
 ortho      (10, 11)             1.144661
 ortho      (11, 12)             0.798058
 ortho      (12, 13)             0.830037
 meta       (9, 11)              0.090301
 meta       (9, 12)              0.069121
 meta       (10, 12)             0.090301
 meta       (10, 13)             0.081865
 meta       (11, 13)             0.081865

 Corrected orbit-homogeneity index (S_hom) : 0.420105

ORBIT SUMMARY
------------------------------
 Orbit       n pairs     Ref. val    Mean real     Contrib.
 --------------------------------------------------------------
 ortho             5     0.650000     0.618120     0.262833
 meta              5     0.150000     0.035740     0.255609

ORBIT HOMOGENEITY SUMMARY
------------------------------
 Orbit       n pairs        S_orb        sigma            H
 ------------------------------------------------------------
 ortho             5     0.880170     0.133017     0.868715
 meta              5     0.082691     0.007763     0.914175

DETAILED ORBIT PAIR TABLE
------------------------------
 Orbit      Pair                   Real    Reference   Difference
 ----------------------------------------------------------------
 ortho      (9, 10)            0.535000     0.650000    -0.115000
 ortho      (9, 13)            0.590900     0.650000    -0.059100
 ortho      (10, 11)           0.838800     0.650000     0.188800
 ortho      (11, 12)           0.535000     0.650000    -0.115000
 ortho      (12, 13)           0.590900     0.650000    -0.059100
 meta       (9, 11)            0.038700     0.150000    -0.111300
 meta       (9, 12)            0.029300     0.150000    -0.120700
 meta       (10, 12)           0.038700     0.150000    -0.111300
 meta       (10, 13)           0.036000     0.150000    -0.114000
 meta       (11, 13)           0.036000     0.150000    -0.114000

===============================================================
 Cycle number        : 3
 Cycle type          : ELEMENTAIRE
 Cycle size          : 6
 Cycle indices       : [1, 2, 3, 14, 13, 12]
 N_A per site (Z)    : [6, 6, 6, 6, 6, 6]
 Cycle status        : TRAITE
 Cycle origin        : AUTO
 N_pi reference      : 3
 Number of orbits    : 3
 Lambda              : 4.500000
 Symmetric submatrix : True
 Max asymmetry       : 0.000000e+00

REAL LDM SUBMATRIX
------------------------------
 3.981100 0.631000 0.033000 0.030500 0.033700 0.728300
 0.631000 3.981100 0.728300 0.033700 0.030500 0.033000
 0.033000 0.728300 3.909200 0.590900 0.027800 0.040300
 0.030500 0.033700 0.590900 3.873700 0.655200 0.027800
 0.033700 0.030500 0.027800 0.655200 3.873700 0.590900
 0.728300 0.033000 0.040300 0.027800 0.590900 3.909200

REFERENCE MATRIX (6x6)
------------------------------
 4.500000 0.583333 0.083333 0.166667 0.083333 0.583333
 0.583333 4.500000 0.583333 0.083333 0.166667 0.083333
 0.083333 0.583333 4.500000 0.583333 0.083333 0.166667
 0.166667 0.083333 0.583333 4.500000 0.583333 0.083333
 0.083333 0.166667 0.083333 0.583333 4.500000 0.583333
 0.583333 0.083333 0.166667 0.083333 0.583333 4.500000

DIFFERENCE MATRIX : DELTA = REAL - REFERENCE
------------------------------
 -0.518900 0.047667 -0.050333 -0.136167 -0.049633 0.144967
 0.047667 -0.518900 0.144967 -0.049633 -0.136167 -0.050333
 -0.050333 0.144967 -0.590800 0.007567 -0.055533 -0.126367
 -0.136167 -0.049633 0.007567 -0.626300 0.071867 -0.055533
 -0.049633 -0.136167 -0.055533 0.071867 -0.626300 0.007567
 0.144967 -0.050333 -0.126367 -0.055533 0.007567 -0.590800

DISTANCES AND CONTRIBUTIONS
------------------------------
 Frobenius distance (full) : 1.502896
 Diagonal contribution     : 1.421656
 Off-diagonal contribution : 0.487432
 RMS matricielle           : 0.250483
 RMS hors diagonale        : 0.088993
 Final rank                : 3

Q WEIGHTED ANALYSIS
------------------------------
 Q Frobenius offdiag       : 0.266027
 Q RMS offdiag             : 0.048570

CHARGE TRANSFER ANALYSIS
------------------------------
 N_ref cycle               : 36.000000
 Population real (sum LDM) : 31.957800
 CT absolute               : -4.042200
 CT relative (%)           : -11.228333

AROMATIC HOMOGENEITY INDEX
------------------------------
 Number of unique pairs    : 15
 S_cycle_hom               : 0.382270

HOMOGENEITY ANALYSIS BY ORBIT
------------------------------
 Orbit       n pairs          S_orb          sigma            H_k
 ----------------------------------------------------------------------
 ortho             6       0.913562       0.074706       0.924407
 meta              6       0.076215       0.006323       0.923394
 para              3       0.094617       0.015103       0.862346

DETAIL OF x_ij = LDM_ij * r_ij BY ORBIT
------------------------------
 Orbit      Pair                     x_ij
 -------------------------------------------------
 ortho      (1, 2)               0.914448
 ortho      (1, 12)              1.010441
 ortho      (2, 3)               1.010441
 ortho      (3, 14)              0.830037
 ortho      (12, 13)             0.830037
 ortho      (13, 14)             0.885965
 meta       (1, 3)               0.081473
 meta       (1, 13)              0.079850
 meta       (2, 12)              0.081473
 meta       (2, 14)              0.079850
 meta       (3, 13)              0.067323
 meta       (12, 14)             0.067323
 para       (1, 14)              0.083937
 para       (2, 13)              0.083937
 para       (3, 12)              0.115976

 Corrected orbit-homogeneity index (S_hom) : 0.382270

ORBIT SUMMARY
------------------------------
 Orbit       n pairs     Ref. val    Mean real     Contrib.
 --------------------------------------------------------------
 ortho             6     0.583333     0.654100     0.222670
 meta              6     0.083333     0.031500     0.127129
 para              3     0.166667     0.033767     0.230329

ORBIT HOMOGENEITY SUMMARY
------------------------------
 Orbit       n pairs        S_orb        sigma            H
 ------------------------------------------------------------
 ortho             6     0.913562     0.074706     0.924407
 meta              6     0.076215     0.006323     0.923394
 para              3     0.094617     0.015103     0.862346

DETAILED ORBIT PAIR TABLE
------------------------------
 Orbit      Pair                   Real    Reference   Difference
 ----------------------------------------------------------------
 ortho      (1, 2)             0.631000     0.583333     0.047667
 ortho      (1, 12)            0.728300     0.583333     0.144967
 ortho      (2, 3)             0.728300     0.583333     0.144967
 ortho      (3, 14)            0.590900     0.583333     0.007567
 ortho      (12, 13)           0.590900     0.583333     0.007567
 ortho      (13, 14)           0.655200     0.583333     0.071867
 meta       (1, 3)             0.033000     0.083333    -0.050333
 meta       (1, 13)            0.033700     0.083333    -0.049633
 meta       (2, 12)            0.033000     0.083333    -0.050333
 meta       (2, 14)            0.033700     0.083333    -0.049633
 meta       (3, 13)            0.027800     0.083333    -0.055533
 meta       (12, 14)           0.027800     0.083333    -0.055533
 para       (1, 14)            0.030500     0.166667    -0.136167
 para       (2, 13)            0.030500     0.166667    -0.136167
 para       (3, 12)            0.040300     0.166667    -0.126367

===============================================================
 Cycle number        : 4
 Cycle type          : ELEMENTAIRE
 Cycle size          : 6
 Cycle indices       : [6, 7, 8, 9, 13, 14]
 N_A per site (Z)    : [6, 6, 6, 6, 6, 6]
 Cycle status        : TRAITE
 Cycle origin        : AUTO
 N_pi reference      : 3
 Number of orbits    : 3
 Lambda              : 4.500000
 Symmetric submatrix : True
 Max asymmetry       : 0.000000e+00

REAL LDM SUBMATRIX
------------------------------
 3.909200 0.728300 0.033000 0.040300 0.027800 0.590900
 0.728300 3.981000 0.631000 0.033000 0.030500 0.033700
 0.033000 0.631000 3.981000 0.728300 0.033700 0.030500
 0.040300 0.033000 0.728300 3.909200 0.590900 0.027800
 0.027800 0.030500 0.033700 0.590900 3.873700 0.655200
 0.590900 0.033700 0.030500 0.027800 0.655200 3.873700

REFERENCE MATRIX (6x6)
------------------------------
 4.500000 0.583333 0.083333 0.166667 0.083333 0.583333
 0.583333 4.500000 0.583333 0.083333 0.166667 0.083333
 0.083333 0.583333 4.500000 0.583333 0.083333 0.166667
 0.166667 0.083333 0.583333 4.500000 0.583333 0.083333
 0.083333 0.166667 0.083333 0.583333 4.500000 0.583333
 0.583333 0.083333 0.166667 0.083333 0.583333 4.500000

DIFFERENCE MATRIX : DELTA = REAL - REFERENCE
------------------------------
 -0.590800 0.144967 -0.050333 -0.126367 -0.055533 0.007567
 0.144967 -0.519000 0.047667 -0.050333 -0.136167 -0.049633
 -0.050333 0.047667 -0.519000 0.144967 -0.049633 -0.136167
 -0.126367 -0.050333 0.144967 -0.590800 0.007567 -0.055533
 -0.055533 -0.136167 -0.049633 0.007567 -0.626300 0.071867
 0.007567 -0.049633 -0.136167 -0.055533 0.071867 -0.626300

DISTANCES AND CONTRIBUTIONS
------------------------------
 Frobenius distance (full) : 1.502965
 Diagonal contribution     : 1.421729
 Off-diagonal contribution : 0.487432
 RMS matricielle           : 0.250494
 RMS hors diagonale        : 0.088993
 Final rank                : 4

Q WEIGHTED ANALYSIS
------------------------------
 Q Frobenius offdiag       : 0.266027
 Q RMS offdiag             : 0.048570

CHARGE TRANSFER ANALYSIS
------------------------------
 N_ref cycle               : 36.000000
 Population real (sum LDM) : 31.957600
 CT absolute               : -4.042400
 CT relative (%)           : -11.228889

AROMATIC HOMOGENEITY INDEX
------------------------------
 Number of unique pairs    : 15
 S_cycle_hom               : 0.382270

HOMOGENEITY ANALYSIS BY ORBIT
------------------------------
 Orbit       n pairs          S_orb          sigma            H_k
 ----------------------------------------------------------------------
 ortho             6       0.913562       0.074706       0.924407
 meta              6       0.076215       0.006323       0.923394
 para              3       0.094617       0.015103       0.862346

DETAIL OF x_ij = LDM_ij * r_ij BY ORBIT
------------------------------
 Orbit      Pair                     x_ij
 -------------------------------------------------
 ortho      (6, 7)               1.010441
 ortho      (6, 14)              0.830037
 ortho      (7, 8)               0.914448
 ortho      (8, 9)               1.010441
 ortho      (9, 13)              0.830037
 ortho      (13, 14)             0.885965
 meta       (6, 8)               0.081473
 meta       (6, 13)              0.067323
 meta       (7, 9)               0.081473
 meta       (7, 14)              0.079850
 meta       (8, 13)              0.079850
 meta       (9, 14)              0.067323
 para       (6, 9)               0.115976
 para       (7, 13)              0.083937
 para       (8, 14)              0.083937

 Corrected orbit-homogeneity index (S_hom) : 0.382270

ORBIT SUMMARY
------------------------------
 Orbit       n pairs     Ref. val    Mean real     Contrib.
 --------------------------------------------------------------
 ortho             6     0.583333     0.654100     0.222670
 meta              6     0.083333     0.031500     0.127129
 para              3     0.166667     0.033767     0.230329

ORBIT HOMOGENEITY SUMMARY
------------------------------
 Orbit       n pairs        S_orb        sigma            H
 ------------------------------------------------------------
 ortho             6     0.913562     0.074706     0.924407
 meta              6     0.076215     0.006323     0.923394
 para              3     0.094617     0.015103     0.862346

DETAILED ORBIT PAIR TABLE
------------------------------
 Orbit      Pair                   Real    Reference   Difference
 ----------------------------------------------------------------
 ortho      (6, 7)             0.728300     0.583333     0.144967
 ortho      (6, 14)            0.590900     0.583333     0.007567
 ortho      (7, 8)             0.631000     0.583333     0.047667
 ortho      (8, 9)             0.728300     0.583333     0.144967
 ortho      (9, 13)            0.590900     0.583333     0.007567
 ortho      (13, 14)           0.655200     0.583333     0.071867
 meta       (6, 8)             0.033000     0.083333    -0.050333
 meta       (6, 13)            0.027800     0.083333    -0.055533
 meta       (7, 9)             0.033000     0.083333    -0.050333
 meta       (7, 14)            0.033700     0.083333    -0.049633
 meta       (8, 13)            0.033700     0.083333    -0.049633
 meta       (9, 14)            0.027800     0.083333    -0.055533
 para       (6, 9)             0.040300     0.166667    -0.126367
 para       (7, 13)            0.030500     0.166667    -0.136167
 para       (8, 14)            0.030500     0.166667    -0.136167

===============================================================
 Cycle number        : 5
 Cycle type          : PERIPHERAL
 Cycle size          : 9
 Cycle indices       : [1, 2, 3, 4, 5, 6, 14, 13, 12]
 N_A per site (Z)    : [6, 6, 6, 6, 6, 6, 6, 6, 6]
 Cycle status        : TRAITE
 Cycle origin        : AUTO
 N_pi reference      : 5
 Number of orbits    : 4
 Lambda              : 4.444444
 Symmetric submatrix : True
 Max asymmetry       : 0.000000e+00

REAL LDM SUBMATRIX
------------------------------
 3.981100 0.631000 0.033000 0.004800 0.003200 0.004000 0.030500 0.033700 0.728300
 0.631000 3.981100 0.728300 0.025400 0.027000 0.011700 0.033700 0.030500 0.033000
 0.033000 0.728300 3.909200 0.535000 0.038700 0.029300 0.590900 0.027800 0.040300
 0.004800 0.025400 0.535000 4.004100 0.838800 0.038700 0.036000 0.005800 0.002700
 0.003200 0.027000 0.038700 0.838800 4.004000 0.535000 0.036000 0.005800 0.010500
 0.004000 0.011700 0.029300 0.038700 0.535000 3.909200 0.590900 0.027800 0.005400
 0.030500 0.033700 0.590900 0.036000 0.036000 0.590900 3.873700 0.655200 0.027800
 0.033700 0.030500 0.027800 0.005800 0.005800 0.027800 0.655200 3.873700 0.590900
 0.728300 0.033000 0.040300 0.002700 0.010500 0.005400 0.027800 0.590900 3.909200

REFERENCE MATRIX (9x9)
------------------------------
 4.444444 0.569444 0.069444 0.069444 0.069444 0.069444 0.069444 0.069444 0.569444
 0.569444 4.444444 0.569444 0.069444 0.069444 0.069444 0.069444 0.069444 0.069444
 0.069444 0.569444 4.444444 0.569444 0.069444 0.069444 0.569444 0.069444 0.069444
 0.069444 0.069444 0.569444 4.444444 0.569444 0.069444 0.069444 0.069444 0.069444
 0.069444 0.069444 0.069444 0.569444 4.444444 0.569444 0.069444 0.069444 0.069444
 0.069444 0.069444 0.069444 0.069444 0.569444 4.444444 0.569444 0.069444 0.069444
 0.069444 0.069444 0.569444 0.069444 0.069444 0.569444 4.444444 0.569444 0.069444
 0.069444 0.069444 0.069444 0.069444 0.069444 0.069444 0.569444 4.444444 0.569444
 0.569444 0.069444 0.069444 0.069444 0.069444 0.069444 0.069444 0.569444 4.444444

DIFFERENCE MATRIX : DELTA = REAL - REFERENCE
------------------------------
 -0.463344 0.061556 -0.036444 -0.064644 -0.066244 -0.065444 -0.038944 -0.035744 0.158856
 0.061556 -0.463344 0.158856 -0.044044 -0.042444 -0.057744 -0.035744 -0.038944 -0.036444
 -0.036444 0.158856 -0.535244 -0.034444 -0.030744 -0.040144 0.021456 -0.041644 -0.029144
 -0.064644 -0.044044 -0.034444 -0.440344 0.269356 -0.030744 -0.033444 -0.063644 -0.066744
 -0.066244 -0.042444 -0.030744 0.269356 -0.440444 -0.034444 -0.033444 -0.063644 -0.058944
 -0.065444 -0.057744 -0.040144 -0.030744 -0.034444 -0.535244 0.021456 -0.041644 -0.064044
 -0.038944 -0.035744 0.021456 -0.033444 -0.033444 0.021456 -0.570744 0.085756 -0.041644
 -0.035744 -0.038944 -0.041644 -0.063644 -0.063644 -0.041644 0.085756 -0.570744 0.021456
 0.158856 -0.036444 -0.029144 -0.066744 -0.058944 -0.064044 -0.041644 0.021456 -0.535244

DISTANCES AND CONTRIBUTIONS
------------------------------
 Frobenius distance (full) : 1.650532
 Diagonal contribution     : 1.525854
 Off-diagonal contribution : 0.629308
 RMS matricielle           : 0.183392
 RMS hors diagonale        : 0.074165
 Final rank                : 5

Q WEIGHTED ANALYSIS
------------------------------
 Q Frobenius offdiag       : 0.397017
 Q RMS offdiag             : 0.046789

CHARGE TRANSFER ANALYSIS
------------------------------
 N_ref cycle               : 54.000000
 Population real (sum LDM) : 49.500100
 CT absolute               : -4.499900
 CT relative (%)           : -8.333148

AROMATIC HOMOGENEITY INDEX
------------------------------
 Number of unique pairs    : 36
 S_cycle_hom               : 0.242506

HOMOGENEITY ANALYSIS BY ORBIT
------------------------------
 Orbit       n pairs          S_orb          sigma            H_k
 ----------------------------------------------------------------------
 ortho             9       0.913572       0.112336       0.890500
 meta              9       0.078748       0.008513       0.902441
 para              9       0.066113       0.034872       0.654682
 d4                9       0.125857       0.250018       0.334837

DETAIL OF x_ij = LDM_ij * r_ij BY ORBIT
------------------------------
 Orbit      Pair                     x_ij
 -------------------------------------------------
 ortho      (1, 2)               0.914448
 ortho      (1, 12)              1.010441
 ortho      (2, 3)               1.010441
 ortho      (3, 4)               0.798058
 ortho      (4, 5)               1.144661
 ortho      (5, 6)               0.798058
 ortho      (6, 14)              0.830037
 ortho      (12, 13)             0.830037
 ortho      (13, 14)             0.885965
 meta       (1, 3)               0.081473
 meta       (1, 13)              0.079850
 meta       (2, 4)               0.068825
 meta       (2, 12)              0.081473
 meta       (3, 5)               0.090301
 meta       (4, 6)               0.090301
 meta       (5, 14)              0.081865
 meta       (6, 13)              0.067323
 meta       (12, 14)             0.067323
 para       (1, 4)               0.018952
 para       (1, 14)              0.083937
 para       (2, 5)               0.100329
 para       (2, 13)              0.083937
 para       (3, 6)               0.069121
 para       (3, 12)              0.115976
 para       (4, 14)              0.081865
 para       (5, 13)              0.020804
 para       (6, 12)              0.020094
 d4         (1, 5)               0.015028
 d4         (1, 6)               0.016624
 d4         (2, 6)               0.042350
 d4         (2, 14)              0.079850
 d4         (3, 13)              0.067323
 d4         (3, 14)              0.830037
 d4         (4, 12)              0.011645
 d4         (4, 13)              0.020804
 d4         (5, 12)              0.049049

 Corrected orbit-homogeneity index (S_hom) : 0.242506

ORBIT SUMMARY
------------------------------
 Orbit       n pairs     Ref. val    Mean real     Contrib.
 --------------------------------------------------------------
 ortho             9     0.569444     0.648156     0.370755
 meta              9     0.069444     0.032678     0.111137
 para              9     0.069444     0.023289     0.144033
 d4                9     0.069444     0.076700     0.165704

ORBIT HOMOGENEITY SUMMARY
------------------------------
 Orbit       n pairs        S_orb        sigma            H
 ------------------------------------------------------------
 ortho             9     0.913572     0.112336     0.890500
 meta              9     0.078748     0.008513     0.902441
 para              9     0.066113     0.034872     0.654682
 d4                9     0.125857     0.250018     0.334837

DETAILED ORBIT PAIR TABLE
------------------------------
 Orbit      Pair                   Real    Reference   Difference
 ----------------------------------------------------------------
 ortho      (1, 2)             0.631000     0.569444     0.061556
 ortho      (1, 12)            0.728300     0.569444     0.158856
 ortho      (2, 3)             0.728300     0.569444     0.158856
 ortho      (3, 4)             0.535000     0.569444    -0.034444
 ortho      (4, 5)             0.838800     0.569444     0.269356
 ortho      (5, 6)             0.535000     0.569444    -0.034444
 ortho      (6, 14)            0.590900     0.569444     0.021456
 ortho      (12, 13)           0.590900     0.569444     0.021456
 ortho      (13, 14)           0.655200     0.569444     0.085756
 meta       (1, 3)             0.033000     0.069444    -0.036444
 meta       (1, 13)            0.033700     0.069444    -0.035744
 meta       (2, 4)             0.025400     0.069444    -0.044044
 meta       (2, 12)            0.033000     0.069444    -0.036444
 meta       (3, 5)             0.038700     0.069444    -0.030744
 meta       (4, 6)             0.038700     0.069444    -0.030744
 meta       (5, 14)            0.036000     0.069444    -0.033444
 meta       (6, 13)            0.027800     0.069444    -0.041644
 meta       (12, 14)           0.027800     0.069444    -0.041644
 para       (1, 4)             0.004800     0.069444    -0.064644
 para       (1, 14)            0.030500     0.069444    -0.038944
 para       (2, 5)             0.027000     0.069444    -0.042444
 para       (2, 13)            0.030500     0.069444    -0.038944
 para       (3, 6)             0.029300     0.069444    -0.040144
 para       (3, 12)            0.040300     0.069444    -0.029144
 para       (4, 14)            0.036000     0.069444    -0.033444
 para       (5, 13)            0.005800     0.069444    -0.063644
 para       (6, 12)            0.005400     0.069444    -0.064044
 d4         (1, 5)             0.003200     0.069444    -0.066244
 d4         (1, 6)             0.004000     0.069444    -0.065444
 d4         (2, 6)             0.011700     0.069444    -0.057744
 d4         (2, 14)            0.033700     0.069444    -0.035744
 d4         (3, 13)            0.027800     0.069444    -0.041644
 ortho      (3, 14)            0.590900     0.569444     0.021456
 d4         (4, 12)            0.002700     0.069444    -0.066744
 d4         (4, 13)            0.005800     0.069444    -0.063644
 d4         (5, 12)            0.010500     0.069444    -0.058944

===============================================================
 Cycle number        : 6
 Cycle type          : PERIPHERAL
 Cycle size          : 9
 Cycle indices       : [1, 2, 3, 14, 13, 9, 10, 11, 12]
 N_A per site (Z)    : [6, 6, 6, 6, 6, 6, 6, 6, 6]
 Cycle status        : TRAITE
 Cycle origin        : AUTO
 N_pi reference      : 5
 Number of orbits    : 4
 Lambda              : 4.444444
 Symmetric submatrix : True
 Max asymmetry       : 0.000000e+00

REAL LDM SUBMATRIX
------------------------------
 3.981100 0.631000 0.033000 0.030500 0.033700 0.011700 0.027000 0.025400 0.728300
 0.631000 3.981100 0.728300 0.033700 0.030500 0.004000 0.003200 0.004800 0.033000
 0.033000 0.728300 3.909200 0.590900 0.027800 0.005400 0.010500 0.002700 0.040300
 0.030500 0.033700 0.590900 3.873700 0.655200 0.027800 0.005800 0.005800 0.027800
 0.033700 0.030500 0.027800 0.655200 3.873700 0.590900 0.036000 0.036000 0.590900
 0.011700 0.004000 0.005400 0.027800 0.590900 3.909200 0.535000 0.038700 0.029300
 0.027000 0.003200 0.010500 0.005800 0.036000 0.535000 4.004000 0.838800 0.038700
 0.025400 0.004800 0.002700 0.005800 0.036000 0.038700 0.838800 4.004000 0.535000
 0.728300 0.033000 0.040300 0.027800 0.590900 0.029300 0.038700 0.535000 3.909200

REFERENCE MATRIX (9x9)
------------------------------
 4.444444 0.569444 0.069444 0.069444 0.069444 0.069444 0.069444 0.069444 0.569444
 0.569444 4.444444 0.569444 0.069444 0.069444 0.069444 0.069444 0.069444 0.069444
 0.069444 0.569444 4.444444 0.569444 0.069444 0.069444 0.069444 0.069444 0.069444
 0.069444 0.069444 0.569444 4.444444 0.569444 0.069444 0.069444 0.069444 0.069444
 0.069444 0.069444 0.069444 0.569444 4.444444 0.569444 0.069444 0.069444 0.569444
 0.069444 0.069444 0.069444 0.069444 0.569444 4.444444 0.569444 0.069444 0.069444
 0.069444 0.069444 0.069444 0.069444 0.069444 0.569444 4.444444 0.569444 0.069444
 0.069444 0.069444 0.069444 0.069444 0.069444 0.069444 0.569444 4.444444 0.569444
 0.569444 0.069444 0.069444 0.069444 0.569444 0.069444 0.069444 0.569444 4.444444

DIFFERENCE MATRIX : DELTA = REAL - REFERENCE
------------------------------
 -0.463344 0.061556 -0.036444 -0.038944 -0.035744 -0.057744 -0.042444 -0.044044 0.158856
 0.061556 -0.463344 0.158856 -0.035744 -0.038944 -0.065444 -0.066244 -0.064644 -0.036444
 -0.036444 0.158856 -0.535244 0.021456 -0.041644 -0.064044 -0.058944 -0.066744 -0.029144
 -0.038944 -0.035744 0.021456 -0.570744 0.085756 -0.041644 -0.063644 -0.063644 -0.041644
 -0.035744 -0.038944 -0.041644 0.085756 -0.570744 0.021456 -0.033444 -0.033444 0.021456
 -0.057744 -0.065444 -0.064044 -0.041644 0.021456 -0.535244 -0.034444 -0.030744 -0.040144
 -0.042444 -0.066244 -0.058944 -0.063644 -0.033444 -0.034444 -0.440444 0.269356 -0.030744
 -0.044044 -0.064644 -0.066744 -0.063644 -0.033444 -0.030744 0.269356 -0.440444 -0.034444
 0.158856 -0.036444 -0.029144 -0.041644 0.021456 -0.040144 -0.030744 -0.034444 -0.535244

DISTANCES AND CONTRIBUTIONS
------------------------------
 Frobenius distance (full) : 1.650559
 Diagonal contribution     : 1.525882
 Off-diagonal contribution : 0.629308
 RMS matricielle           : 0.183395
 RMS hors diagonale        : 0.074165
 Final rank                : 6

Q WEIGHTED ANALYSIS
------------------------------
 Q Frobenius offdiag       : 0.397017
 Q RMS offdiag             : 0.046789

CHARGE TRANSFER ANALYSIS
------------------------------
 N_ref cycle               : 54.000000
 Population real (sum LDM) : 49.500000
 CT absolute               : -4.500000
 CT relative (%)           : -8.333333

AROMATIC HOMOGENEITY INDEX
------------------------------
 Number of unique pairs    : 36
 S_cycle_hom               : 0.242506

HOMOGENEITY ANALYSIS BY ORBIT
------------------------------
 Orbit       n pairs          S_orb          sigma            H_k
 ----------------------------------------------------------------------
 ortho             9       0.913572       0.112336       0.890500
 meta              9       0.078748       0.008513       0.902441
 para              9       0.066113       0.034872       0.654682
 d4                9       0.125857       0.250018       0.334837

DETAIL OF x_ij = LDM_ij * r_ij BY ORBIT
------------------------------
 Orbit      Pair                     x_ij
 -------------------------------------------------
 ortho      (1, 2)               0.914448
 ortho      (1, 12)              1.010441
 ortho      (2, 3)               1.010441
 ortho      (3, 14)              0.830037
 ortho      (9, 10)              0.798058
 ortho      (9, 13)              0.830037
 ortho      (10, 11)             1.144661
 ortho      (11, 12)             0.798058
 ortho      (13, 14)             0.885965
 meta       (1, 3)               0.081473
 meta       (1, 11)              0.068825
 meta       (2, 12)              0.081473
 meta       (2, 14)              0.079850
 meta       (3, 13)              0.067323
 meta       (9, 11)              0.090301
 meta       (9, 14)              0.067323
 meta       (10, 12)             0.090301
 meta       (10, 13)             0.081865
 para       (1, 10)              0.100329
 para       (1, 14)              0.083937
 para       (2, 11)              0.018952
 para       (2, 13)              0.083937
 para       (3, 9)               0.020094
 para       (3, 12)              0.115976
 para       (9, 12)              0.069121
 para       (10, 14)             0.020804
