===============================================================
                    AroX.v0.3.5 REPORT
===============================================================
 Program name        : AroX.v0.3.5
 Input geometry file : Pyrene_6-311+Gdp_rho_dist.dat
 Geometry input type : DIST
 Input LDM file      : Pyrene_6-311+Gdp_rho_ldm.dat
 Output file         : Pyrene_6-311+Gdp_rho_dist.arx
 Shared cycles       : AUTO cycles + optional free MANUAL cycles + generated FUSED cycles
 Manual cycle rule   : accepted even without contour connectivity
 Fused cycle rule    : generated by symmetric difference of auto/manual cycle edges
===============================================================

===============================================================
                 SHARED PRELIMINARY CYCLE ANALYSIS
===============================================================
 Détection automatique des carbones
 ------------------------------
 Atome   1 | C | voisins = 3 | type = sp2     | rayon = 0.73 Å
 Atome   2 | C | voisins = 3 | type = sp2     | rayon = 0.73 Å
 Atome   3 | C | voisins = 3 | type = sp2     | rayon = 0.73 Å
 Atome   4 | C | voisins = 3 | type = sp2     | rayon = 0.73 Å
 Atome   5 | C | voisins = 3 | type = sp2     | rayon = 0.73 Å
 Atome   6 | C | voisins = 3 | type = sp2     | rayon = 0.73 Å
 Atome   7 | C | voisins = 3 | type = sp2     | rayon = 0.73 Å
 Atome   8 | C | voisins = 3 | type = sp2     | rayon = 0.73 Å
 Atome   9 | C | voisins = 3 | type = sp2     | rayon = 0.73 Å
 Atome  10 | C | voisins = 3 | type = sp2     | rayon = 0.73 Å
 Atome  11 | C | voisins = 3 | type = sp2     | rayon = 0.73 Å
 Atome  12 | C | voisins = 3 | type = sp2     | rayon = 0.73 Å
 Atome  13 | C | voisins = 3 | type = sp2     | rayon = 0.73 Å
 Atome  14 | C | voisins = 3 | type = sp2     | rayon = 0.73 Å
 Atome  15 | C | voisins = 3 | type = sp2     | rayon = 0.73 Å
 Atome  16 | C | voisins = 3 | type = sp2     | rayon = 0.73 Å

 Connectivité détectée
 ------------------------------
 Atome   1 -> voisins : [2, 14, 17]
 Atome   2 -> voisins : [1, 3, 18]
 Atome   3 -> voisins : [2, 4, 19]
 Atome   4 -> voisins : [3, 5, 15]
 Atome   5 -> voisins : [4, 6, 20]
 Atome   6 -> voisins : [5, 7, 21]
 Atome   7 -> voisins : [6, 8, 16]
 Atome   8 -> voisins : [7, 9, 22]
 Atome   9 -> voisins : [8, 10, 23]
 Atome  10 -> voisins : [9, 11, 24]
 Atome  11 -> voisins : [10, 12, 16]
 Atome  12 -> voisins : [11, 13, 25]
 Atome  13 -> voisins : [12, 14, 26]
 Atome  14 -> voisins : [1, 13, 15]
 Atome  15 -> voisins : [4, 14, 16]
 Atome  16 -> voisins : [7, 11, 15]
 Atome  17 -> voisins : [1]
 Atome  18 -> voisins : [2]
 Atome  19 -> voisins : [3]
 Atome  20 -> voisins : [5]
 Atome  21 -> voisins : [6]
 Atome  22 -> voisins : [8]
 Atome  23 -> voisins : [9]
 Atome  24 -> voisins : [10]
 Atome  25 -> voisins : [12]
 Atome  26 -> voisins : [13]

 Cycles détectés automatiquement
 ------------------------------
 Cycle  1 | type = ELEMENTAIRE   | taille = 6  | indices = [1, 2, 3, 4, 15, 14] | origine = AUTO        | cordes = 0  | statut = TRAITE
 Cycle  2 | type = ELEMENTAIRE   | taille = 6  | indices = [4, 5, 6, 7, 16, 15] | origine = AUTO        | cordes = 0  | statut = TRAITE
 Cycle  3 | type = ELEMENTAIRE   | taille = 6  | indices = [7, 8, 9, 10, 11, 16] | origine = AUTO        | cordes = 0  | statut = TRAITE
 Cycle  4 | type = ELEMENTAIRE   | taille = 6  | indices = [11, 12, 13, 14, 15, 16] | origine = AUTO        | cordes = 0  | statut = TRAITE
 Cycle  5 | type = PERIPHERAL    | taille = 10 | indices = [1, 2, 3, 4, 5, 6, 7, 16, 15, 14] | origine = AUTO        | cordes = 1  | statut = TRAITE
 Cycle  6 | type = PERIPHERAL    | taille = 10 | indices = [1, 2, 3, 4, 15, 16, 11, 12, 13, 14] | origine = AUTO        | cordes = 1  | statut = TRAITE
 Cycle  7 | type = PERIPHERAL    | taille = 10 | indices = [4, 5, 6, 7, 8, 9, 10, 11, 16, 15] | origine = AUTO        | cordes = 1  | statut = TRAITE
 Cycle  8 | type = PERIPHERAL    | taille = 10 | indices = [4, 5, 6, 7, 16, 11, 12, 13, 14, 15] | origine = AUTO        | cordes = 1  | statut = TRAITE
 Cycle  9 | type = PERIPHERAL    | taille = 10 | indices = [7, 8, 9, 10, 11, 12, 13, 14, 15, 16] | origine = AUTO        | cordes = 1  | statut = TRAITE
 Cycle 10 | type = ELEMENTAIRE   | taille = 12 | indices = [1, 2, 3, 4, 5, 6, 7, 16, 11, 12, 13, 14] | origine = AUTO        | cordes = 0  | statut = TRAITE
 Cycle 11 | type = ELEMENTAIRE   | taille = 12 | indices = [4, 5, 6, 7, 8, 9, 10, 11, 12, 13, 14, 15] | origine = AUTO        | cordes = 0  | statut = TRAITE
 Cycle 12 | type = ELEMENTAIRE   | taille = 14 | indices = [1, 2, 3, 4, 5, 6, 7, 8, 9, 10, 11, 12, 13, 14] | origine = AUTO        | cordes = 0  | statut = TRAITE
 Cycle 13 | type = PERIPHERAL    | taille = 14 | indices = [1, 2, 3, 4, 5, 6, 7, 8, 9, 10, 11, 16, 15, 14] | origine = AUTO        | cordes = 2  | statut = TRAITE
 Cycle 14 | type = PERIPHERAL    | taille = 14 | indices = [1, 2, 3, 4, 15, 16, 7, 8, 9, 10, 11, 12, 13, 14] | origine = AUTO        | cordes = 2  | statut = TRAITE


===============================================================
                 LDM DETAILED ANALYSIS
===============================================================
 Reference type      : EG
 epsilon_O           : 0.583333
 epsilon_P           : 0.166667
 epsilon_M           : 0.083333
 N_A (default C)     : 6.000000
 N_A per site        : Z of each atom in the cycle (auto from geometry)
 lambda (benzene EG) : 4.500000
 lambda formula      : lambda_k = Z_k - sum(off-diagonal row k)
===============================================================

===============================================================
 Cycle number        : 3
 Cycle type          : ELEMENTAIRE
 Cycle size          : 6
 Cycle indices       : [7, 8, 9, 10, 11, 16]
 N_A per site (Z)    : [6, 6, 6, 6, 6, 6]
 Cycle status        : TRAITE
 Cycle origin        : AUTO
 N_pi reference      : 3
 Number of orbits    : 3
 Lambda              : 4.500000
 Symmetric submatrix : True
 Max asymmetry       : 0.000000e+00

REAL LDM SUBMATRIX
------------------------------
 3.867500 0.661000 0.033100 0.036800 0.027200 0.609900
 0.661000 3.997800 0.696800 0.035600 0.036800 0.030200
 0.033100 0.696800 3.973900 0.696800 0.033100 0.029800
 0.036800 0.035600 0.696800 3.997800 0.661000 0.030200
 0.027200 0.036800 0.033100 0.661000 3.867500 0.609900
 0.609900 0.030200 0.029800 0.030200 0.609900 3.901300

REFERENCE MATRIX (6x6)
------------------------------
 4.500000 0.583333 0.083333 0.166667 0.083333 0.583333
 0.583333 4.500000 0.583333 0.083333 0.166667 0.083333
 0.083333 0.583333 4.500000 0.583333 0.083333 0.166667
 0.166667 0.083333 0.583333 4.500000 0.583333 0.083333
 0.083333 0.166667 0.083333 0.583333 4.500000 0.583333
 0.583333 0.083333 0.166667 0.083333 0.583333 4.500000

DIFFERENCE MATRIX : DELTA = REAL - REFERENCE
------------------------------
 -0.632500 0.077667 -0.050233 -0.129867 -0.056133 0.026567
 0.077667 -0.502200 0.113467 -0.047733 -0.129867 -0.053133
 -0.050233 0.113467 -0.526100 0.113467 -0.050233 -0.136867
 -0.129867 -0.047733 0.113467 -0.502200 0.077667 -0.053133
 -0.056133 -0.129867 -0.050233 0.077667 -0.632500 0.026567
 0.026567 -0.053133 -0.136867 -0.053133 0.026567 -0.598700

DISTANCES AND CONTRIBUTIONS
------------------------------
 Frobenius distance (full) : 1.468117
 Diagonal contribution     : 1.392747
 Off-diagonal contribution : 0.464351
 RMS matricielle           : 0.244686
 RMS hors diagonale        : 0.084778
 Final rank                : 1

Q WEIGHTED ANALYSIS
------------------------------
 Q Frobenius offdiag       : 0.242706
 Q RMS offdiag             : 0.044312

CHARGE TRANSFER ANALYSIS
------------------------------
 N_ref cycle               : 36.000000
 Population real (sum LDM) : 32.062200
 CT absolute               : -3.937800
 CT relative (%)           : -10.938333

AROMATIC HOMOGENEITY INDEX
------------------------------
 Number of unique pairs    : 15
 S_cycle_hom               : 0.399428

HOMOGENEITY ANALYSIS BY ORBIT
------------------------------
 Orbit       n pairs          S_orb          sigma            H_k
 ----------------------------------------------------------------------
 ortho             6       0.922372       0.040947       0.957493
 meta              6       0.076886       0.006129       0.926173
 para              3       0.097002       0.009450       0.911230

DETAIL OF x_ij = LDM_ij * r_ij BY ORBIT
------------------------------
 Orbit      Pair                     x_ij
 -------------------------------------------------
 ortho      (7, 8)               0.927178
 ortho      (7, 16)              0.869992
 ortho      (8, 9)               0.969946
 ortho      (9, 10)              0.969946
 ortho      (10, 11)             0.927178
 ortho      (11, 16)             0.869992
 meta       (7, 9)               0.080406
 meta       (7, 11)              0.067159
 meta       (8, 10)              0.086091
 meta       (8, 16)              0.073627
 meta       (9, 11)              0.080406
 meta       (10, 16)             0.073627
 para       (7, 10)              0.103684
 para       (8, 11)              0.103684
 para       (9, 16)              0.083638

 Corrected orbit-homogeneity index (S_hom) : 0.399428

ORBIT SUMMARY
------------------------------
 Orbit       n pairs     Ref. val    Mean real     Contrib.
 --------------------------------------------------------------
 ortho             6     0.583333     0.655900     0.198053
 meta              6     0.083333     0.031567     0.126974
 para              3     0.166667     0.034467     0.229048

ORBIT HOMOGENEITY SUMMARY
------------------------------
 Orbit       n pairs        S_orb        sigma            H
 ------------------------------------------------------------
 ortho             6     0.922372     0.040947     0.957493
 meta              6     0.076886     0.006129     0.926173
 para              3     0.097002     0.009450     0.911230

DETAILED ORBIT PAIR TABLE
------------------------------
 Orbit      Pair                   Real    Reference   Difference
 ----------------------------------------------------------------
 ortho      (7, 8)             0.661000     0.583333     0.077667
 ortho      (7, 16)            0.609900     0.583333     0.026567
 ortho      (8, 9)             0.696800     0.583333     0.113467
 ortho      (9, 10)            0.696800     0.583333     0.113467
 ortho      (10, 11)           0.661000     0.583333     0.077667
 ortho      (11, 16)           0.609900     0.583333     0.026567
 meta       (7, 9)             0.033100     0.083333    -0.050233
 meta       (7, 11)            0.027200     0.083333    -0.056133
 meta       (8, 10)            0.035600     0.083333    -0.047733
 meta       (8, 16)            0.030200     0.083333    -0.053133
 meta       (9, 11)            0.033100     0.083333    -0.050233
 meta       (10, 16)           0.030200     0.083333    -0.053133
 para       (7, 10)            0.036800     0.166667    -0.129867
 para       (8, 11)            0.036800     0.166667    -0.129867
 para       (9, 16)            0.029800     0.166667    -0.136867

===============================================================
 Cycle number        : 1
 Cycle type          : ELEMENTAIRE
 Cycle size          : 6
 Cycle indices       : [1, 2, 3, 4, 15, 14]
 N_A per site (Z)    : [6, 6, 6, 6, 6, 6]
 Cycle status        : TRAITE
 Cycle origin        : AUTO
 N_pi reference      : 3
 Number of orbits    : 3
 Lambda              : 4.500000
 Symmetric submatrix : True
 Max asymmetry       : 0.000000e+00

REAL LDM SUBMATRIX
------------------------------
 3.997700 0.696800 0.035600 0.036800 0.030200 0.661000
 0.696800 3.973700 0.696800 0.033100 0.029800 0.033100
 0.035600 0.696800 3.997700 0.661000 0.030200 0.036800
 0.036800 0.033100 0.661000 3.867500 0.609900 0.027200
 0.030200 0.029800 0.030200 0.609900 3.901300 0.609900
 0.661000 0.033100 0.036800 0.027200 0.609900 3.867500

REFERENCE MATRIX (6x6)
------------------------------
 4.500000 0.583333 0.083333 0.166667 0.083333 0.583333
 0.583333 4.500000 0.583333 0.083333 0.166667 0.083333
 0.083333 0.583333 4.500000 0.583333 0.083333 0.166667
 0.166667 0.083333 0.583333 4.500000 0.583333 0.083333
 0.083333 0.166667 0.083333 0.583333 4.500000 0.583333
 0.583333 0.083333 0.166667 0.083333 0.583333 4.500000

DIFFERENCE MATRIX : DELTA = REAL - REFERENCE
------------------------------
 -0.502300 0.113467 -0.047733 -0.129867 -0.053133 0.077667
 0.113467 -0.526300 0.113467 -0.050233 -0.136867 -0.050233
 -0.047733 0.113467 -0.502300 0.077667 -0.053133 -0.129867
 -0.129867 -0.050233 0.077667 -0.632500 0.026567 -0.056133
 -0.053133 -0.136867 -0.053133 0.026567 -0.598700 0.026567
 0.077667 -0.050233 -0.129867 -0.056133 0.026567 -0.632500

DISTANCES AND CONTRIBUTIONS
------------------------------
 Frobenius distance (full) : 1.468257
 Diagonal contribution     : 1.392895
 Off-diagonal contribution : 0.464351
 RMS matricielle           : 0.244709
 RMS hors diagonale        : 0.084778
 Final rank                : 2

Q WEIGHTED ANALYSIS
------------------------------
 Q Frobenius offdiag       : 0.242706
 Q RMS offdiag             : 0.044312

CHARGE TRANSFER ANALYSIS
------------------------------
 N_ref cycle               : 36.000000
 Population real (sum LDM) : 32.061800
 CT absolute               : -3.938200
 CT relative (%)           : -10.939444

AROMATIC HOMOGENEITY INDEX
------------------------------
 Number of unique pairs    : 15
 S_cycle_hom               : 0.399428

HOMOGENEITY ANALYSIS BY ORBIT
------------------------------
 Orbit       n pairs          S_orb          sigma            H_k
 ----------------------------------------------------------------------
 ortho             6       0.922372       0.040947       0.957493
 meta              6       0.076886       0.006129       0.926173
 para              3       0.097002       0.009450       0.911230

DETAIL OF x_ij = LDM_ij * r_ij BY ORBIT
------------------------------
 Orbit      Pair                     x_ij
 -------------------------------------------------
 ortho      (1, 2)               0.969946
 ortho      (1, 14)              0.927178
 ortho      (2, 3)               0.969946
 ortho      (3, 4)               0.927178
 ortho      (4, 15)              0.869992
 ortho      (14, 15)             0.869992
 meta       (1, 3)               0.086091
 meta       (1, 15)              0.073627
 meta       (2, 4)               0.080406
 meta       (2, 14)              0.080406
 meta       (3, 15)              0.073627
 meta       (4, 14)              0.067159
 para       (1, 4)               0.103684
 para       (2, 15)              0.083638
 para       (3, 14)              0.103684

 Corrected orbit-homogeneity index (S_hom) : 0.399428

ORBIT SUMMARY
------------------------------
 Orbit       n pairs     Ref. val    Mean real     Contrib.
 --------------------------------------------------------------
 ortho             6     0.583333     0.655900     0.198053
 meta              6     0.083333     0.031567     0.126974
 para              3     0.166667     0.034467     0.229048

ORBIT HOMOGENEITY SUMMARY
------------------------------
 Orbit       n pairs        S_orb        sigma            H
 ------------------------------------------------------------
 ortho             6     0.922372     0.040947     0.957493
 meta              6     0.076886     0.006129     0.926173
 para              3     0.097002     0.009450     0.911230

DETAILED ORBIT PAIR TABLE
------------------------------
 Orbit      Pair                   Real    Reference   Difference
 ----------------------------------------------------------------
 ortho      (1, 2)             0.696800     0.583333     0.113467
 ortho      (1, 14)            0.661000     0.583333     0.077667
 ortho      (2, 3)             0.696800     0.583333     0.113467
 ortho      (3, 4)             0.661000     0.583333     0.077667
 ortho      (4, 15)            0.609900     0.583333     0.026567
 ortho      (14, 15)           0.609900     0.583333     0.026567
 meta       (1, 3)             0.035600     0.083333    -0.047733
 meta       (1, 15)            0.030200     0.083333    -0.053133
 meta       (2, 4)             0.033100     0.083333    -0.050233
 meta       (2, 14)            0.033100     0.083333    -0.050233
 meta       (3, 15)            0.030200     0.083333    -0.053133
 meta       (4, 14)            0.027200     0.083333    -0.056133
 para       (1, 4)             0.036800     0.166667    -0.129867
 para       (2, 15)            0.029800     0.166667    -0.136867
 para       (3, 14)            0.036800     0.166667    -0.129867

===============================================================
 Cycle number        : 2
 Cycle type          : ELEMENTAIRE
 Cycle size          : 6
 Cycle indices       : [4, 5, 6, 7, 16, 15]
 N_A per site (Z)    : [6, 6, 6, 6, 6, 6]
 Cycle status        : TRAITE
 Cycle origin        : AUTO
 N_pi reference      : 3
 Number of orbits    : 3
 Lambda              : 4.500000
 Symmetric submatrix : True
 Max asymmetry       : 0.000000e+00

REAL LDM SUBMATRIX
------------------------------
 3.867500 0.589500 0.032900 0.016300 0.026600 0.609900
 0.589500 3.981000 0.789500 0.032900 0.024400 0.027200
 0.032900 0.789500 3.981000 0.589500 0.027200 0.024400
 0.016300 0.032900 0.589500 3.867500 0.609900 0.026600
 0.026600 0.024400 0.027200 0.609900 3.901300 0.609800
 0.609900 0.027200 0.024400 0.026600 0.609800 3.901300

REFERENCE MATRIX (6x6)
------------------------------
 4.500000 0.583333 0.083333 0.166667 0.083333 0.583333
 0.583333 4.500000 0.583333 0.083333 0.166667 0.083333
 0.083333 0.583333 4.500000 0.583333 0.083333 0.166667
 0.166667 0.083333 0.583333 4.500000 0.583333 0.083333
 0.083333 0.166667 0.083333 0.583333 4.500000 0.583333
 0.583333 0.083333 0.166667 0.083333 0.583333 4.500000

DIFFERENCE MATRIX : DELTA = REAL - REFERENCE
------------------------------
 -0.632500 0.006167 -0.050433 -0.150367 -0.056733 0.026567
 0.006167 -0.519000 0.206167 -0.050433 -0.142267 -0.056133
 -0.050433 0.206167 -0.519000 0.006167 -0.056133 -0.142267
 -0.150367 -0.050433 0.006167 -0.632500 0.026567 -0.056733
 -0.056733 -0.142267 -0.056133 0.026567 -0.598700 0.026467
 0.026567 -0.056133 -0.142267 -0.056733 0.026467 -0.598700

DISTANCES AND CONTRIBUTIONS
------------------------------
 Frobenius distance (full) : 1.518860
 Diagonal contribution     : 1.433777
 Off-diagonal contribution : 0.501216
 RMS matricielle           : 0.253143
 RMS hors diagonale        : 0.091509
 Final rank                : 3

Q WEIGHTED ANALYSIS
------------------------------
 Q Frobenius offdiag       : 0.264085
 Q RMS offdiag             : 0.048215

CHARGE TRANSFER ANALYSIS
------------------------------
 N_ref cycle               : 36.000000
 Population real (sum LDM) : 31.572800
 CT absolute               : -4.427200
 CT relative (%)           : -12.297778

AROMATIC HOMOGENEITY INDEX
------------------------------
 Number of unique pairs    : 15
 S_cycle_hom               : 0.365569

HOMOGENEITY ANALYSIS BY ORBIT
------------------------------
 Orbit       n pairs          S_orb          sigma            H_k
 ----------------------------------------------------------------------
 ortho             6       0.896031       0.079833       0.918192
 meta              6       0.070961       0.006560       0.915375
 para              3       0.061510       0.010593       0.853085

DETAIL OF x_ij = LDM_ij * r_ij BY ORBIT
------------------------------
 Orbit      Pair                     x_ij
 -------------------------------------------------
 ortho      (4, 5)               0.846944
 ortho      (4, 15)              0.869992
 ortho      (5, 6)               1.073081
 ortho      (6, 7)               0.846944
 ortho      (7, 16)              0.869992
 ortho      (15, 16)             0.869236
 meta       (4, 6)               0.080211
 meta       (4, 16)              0.065717
 meta       (5, 7)               0.080211
 meta       (5, 15)              0.066955
 meta       (6, 16)              0.066955
 meta       (7, 15)              0.065717
 para       (4, 7)               0.046529
 para       (5, 16)              0.069000
 para       (6, 15)              0.069000

 Corrected orbit-homogeneity index (S_hom) : 0.365569

ORBIT SUMMARY
------------------------------
 Orbit       n pairs     Ref. val    Mean real     Contrib.
 --------------------------------------------------------------
 ortho             6     0.583333     0.633017     0.211407
 meta              6     0.083333     0.028900     0.133515
 para              3     0.166667     0.021700     0.251177

ORBIT HOMOGENEITY SUMMARY
------------------------------
 Orbit       n pairs        S_orb        sigma            H
 ------------------------------------------------------------
 ortho             6     0.896031     0.079833     0.918192
 meta              6     0.070961     0.006560     0.915375
 para              3     0.061510     0.010593     0.853085

DETAILED ORBIT PAIR TABLE
------------------------------
 Orbit      Pair                   Real    Reference   Difference
 ----------------------------------------------------------------
 ortho      (4, 5)             0.589500     0.583333     0.006167
 ortho      (4, 15)            0.609900     0.583333     0.026567
 ortho      (5, 6)             0.789500     0.583333     0.206167
 ortho      (6, 7)             0.589500     0.583333     0.006167
 ortho      (7, 16)            0.609900     0.583333     0.026567
 ortho      (15, 16)           0.609800     0.583333     0.026467
 meta       (4, 6)             0.032900     0.083333    -0.050433
 meta       (4, 16)            0.026600     0.083333    -0.056733
 meta       (5, 7)             0.032900     0.083333    -0.050433
 meta       (5, 15)            0.027200     0.083333    -0.056133
 meta       (6, 16)            0.027200     0.083333    -0.056133
 meta       (7, 15)            0.026600     0.083333    -0.056733
 para       (4, 7)             0.016300     0.166667    -0.150367
 para       (5, 16)            0.024400     0.166667    -0.142267
 para       (6, 15)            0.024400     0.166667    -0.142267

===============================================================
 Cycle number        : 4
 Cycle type          : ELEMENTAIRE
 Cycle size          : 6
 Cycle indices       : [11, 12, 13, 14, 15, 16]
 N_A per site (Z)    : [6, 6, 6, 6, 6, 6]
 Cycle status        : TRAITE
 Cycle origin        : AUTO
 N_pi reference      : 3
 Number of orbits    : 3
 Lambda              : 4.500000
 Symmetric submatrix : True
 Max asymmetry       : 0.000000e+00

REAL LDM SUBMATRIX
------------------------------
 3.867500 0.589500 0.032900 0.016300 0.026600 0.609900
 0.589500 3.981000 0.789500 0.032900 0.024400 0.027200
 0.032900 0.789500 3.981000 0.589500 0.027200 0.024400
 0.016300 0.032900 0.589500 3.867500 0.609900 0.026600
 0.026600 0.024400 0.027200 0.609900 3.901300 0.609800
 0.609900 0.027200 0.024400 0.026600 0.609800 3.901300

REFERENCE MATRIX (6x6)
------------------------------
 4.500000 0.583333 0.083333 0.166667 0.083333 0.583333
 0.583333 4.500000 0.583333 0.083333 0.166667 0.083333
 0.083333 0.583333 4.500000 0.583333 0.083333 0.166667
 0.166667 0.083333 0.583333 4.500000 0.583333 0.083333
 0.083333 0.166667 0.083333 0.583333 4.500000 0.583333
 0.583333 0.083333 0.166667 0.083333 0.583333 4.500000

DIFFERENCE MATRIX : DELTA = REAL - REFERENCE
------------------------------
 -0.632500 0.006167 -0.050433 -0.150367 -0.056733 0.026567
 0.006167 -0.519000 0.206167 -0.050433 -0.142267 -0.056133
 -0.050433 0.206167 -0.519000 0.006167 -0.056133 -0.142267
 -0.150367 -0.050433 0.006167 -0.632500 0.026567 -0.056733
 -0.056733 -0.142267 -0.056133 0.026567 -0.598700 0.026467
 0.026567 -0.056133 -0.142267 -0.056733 0.026467 -0.598700

DISTANCES AND CONTRIBUTIONS
------------------------------
 Frobenius distance (full) : 1.518860
 Diagonal contribution     : 1.433777
 Off-diagonal contribution : 0.501216
 RMS matricielle           : 0.253143
 RMS hors diagonale        : 0.091509
 Final rank                : 3

Q WEIGHTED ANALYSIS
------------------------------
 Q Frobenius offdiag       : 0.264085
 Q RMS offdiag             : 0.048215

CHARGE TRANSFER ANALYSIS
------------------------------
 N_ref cycle               : 36.000000
 Population real (sum LDM) : 31.572800
 CT absolute               : -4.427200
 CT relative (%)           : -12.297778

AROMATIC HOMOGENEITY INDEX
------------------------------
 Number of unique pairs    : 15
 S_cycle_hom               : 0.365569

HOMOGENEITY ANALYSIS BY ORBIT
------------------------------
 Orbit       n pairs          S_orb          sigma            H_k
 ----------------------------------------------------------------------
 ortho             6       0.896031       0.079833       0.918192
 meta              6       0.070961       0.006560       0.915375
 para              3       0.061510       0.010593       0.853085

DETAIL OF x_ij = LDM_ij * r_ij BY ORBIT
------------------------------
 Orbit      Pair                     x_ij
 -------------------------------------------------
 ortho      (11, 12)             0.846944
 ortho      (11, 16)             0.869992
 ortho      (12, 13)             1.073081
 ortho      (13, 14)             0.846944
 ortho      (14, 15)             0.869992
 ortho      (15, 16)             0.869236
 meta       (11, 13)             0.080211
 meta       (11, 15)             0.065717
 meta       (12, 14)             0.080211
 meta       (12, 16)             0.066955
 meta       (13, 15)             0.066955
 meta       (14, 16)             0.065717
 para       (11, 14)             0.046529
 para       (12, 15)             0.069000
 para       (13, 16)             0.069000

 Corrected orbit-homogeneity index (S_hom) : 0.365569

ORBIT SUMMARY
------------------------------
 Orbit       n pairs     Ref. val    Mean real     Contrib.
 --------------------------------------------------------------
 ortho             6     0.583333     0.633017     0.211407
 meta              6     0.083333     0.028900     0.133515
 para              3     0.166667     0.021700     0.251177

ORBIT HOMOGENEITY SUMMARY
------------------------------
 Orbit       n pairs        S_orb        sigma            H
 ------------------------------------------------------------
 ortho             6     0.896031     0.079833     0.918192
 meta              6     0.070961     0.006560     0.915375
 para              3     0.061510     0.010593     0.853085

DETAILED ORBIT PAIR TABLE
------------------------------
 Orbit      Pair                   Real    Reference   Difference
 ----------------------------------------------------------------
 ortho      (11, 12)           0.589500     0.583333     0.006167
 ortho      (11, 16)           0.609900     0.583333     0.026567
 ortho      (12, 13)           0.789500     0.583333     0.206167
 ortho      (13, 14)           0.589500     0.583333     0.006167
 ortho      (14, 15)           0.609900     0.583333     0.026567
 ortho      (15, 16)           0.609800     0.583333     0.026467
 meta       (11, 13)           0.032900     0.083333    -0.050433
 meta       (11, 15)           0.026600     0.083333    -0.056733
 meta       (12, 14)           0.032900     0.083333    -0.050433
 meta       (12, 16)           0.027200     0.083333    -0.056133
 meta       (13, 15)           0.027200     0.083333    -0.056133
 meta       (14, 16)           0.026600     0.083333    -0.056733
 para       (11, 14)           0.016300     0.166667    -0.150367
 para       (12, 15)           0.024400     0.166667    -0.142267
 para       (13, 16)           0.024400     0.166667    -0.142267

===============================================================
 Cycle number        : 9
 Cycle type          : PERIPHERAL
 Cycle size          : 10
 Cycle indices       : [7, 8, 9, 10, 11, 12, 13, 14, 15, 16]
 N_A per site (Z)    : [6, 6, 6, 6, 6, 6, 6, 6, 6, 6]
 Cycle status        : TRAITE
 Cycle origin        : AUTO
 N_pi reference      : 5
 Number of orbits    : 5
 Lambda              : 4.500000
 Symmetric submatrix : True
 Max asymmetry       : 0.000000e+00

REAL LDM SUBMATRIX
------------------------------
 3.867500 0.661000 0.033100 0.036800 0.027200 0.003800 0.002000 0.007500 0.026600 0.609900
 0.661000 3.997800 0.696800 0.035600 0.036800 0.002900 0.012600 0.001700 0.004400 0.030200
 0.033100 0.696800 3.973900 0.696800 0.033100 0.009300 0.002700 0.004800 0.002000 0.029800
 0.036800 0.035600 0.696800 3.997800 0.661000 0.030800 0.019400 0.002100 0.004400 0.030200
 0.027200 0.036800 0.033100 0.661000 3.867500 0.589500 0.032900 0.016300 0.026600 0.609900
 0.003800 0.002900 0.009300 0.030800 0.589500 3.981000 0.789500 0.032900 0.024400 0.027200
 0.002000 0.012600 0.002700 0.019400 0.032900 0.789500 3.981000 0.589500 0.027200 0.024400
 0.007500 0.001700 0.004800 0.002100 0.016300 0.032900 0.589500 3.867500 0.609900 0.026600
 0.026600 0.004400 0.002000 0.004400 0.026600 0.024400 0.027200 0.609900 3.901300 0.609800
 0.609900 0.030200 0.029800 0.030200 0.609900 0.027200 0.024400 0.026600 0.609800 3.901300

REFERENCE MATRIX (10x10)
------------------------------
 4.500000 0.550000 0.050000 0.050000 0.050000 0.100000 0.050000 0.050000 0.050000 0.550000
 0.550000 4.500000 0.550000 0.050000 0.050000 0.050000 0.100000 0.050000 0.050000 0.050000
 0.050000 0.550000 4.500000 0.550000 0.050000 0.050000 0.050000 0.100000 0.050000 0.050000
 0.050000 0.050000 0.550000 4.500000 0.550000 0.050000 0.050000 0.050000 0.100000 0.050000
 0.050000 0.050000 0.050000 0.550000 4.500000 0.550000 0.050000 0.050000 0.050000 0.550000
 0.100000 0.050000 0.050000 0.050000 0.550000 4.500000 0.550000 0.050000 0.050000 0.050000
 0.050000 0.100000 0.050000 0.050000 0.050000 0.550000 4.500000 0.550000 0.050000 0.050000
 0.050000 0.050000 0.100000 0.050000 0.050000 0.050000 0.550000 4.500000 0.550000 0.050000
 0.050000 0.050000 0.050000 0.100000 0.050000 0.050000 0.050000 0.550000 4.500000 0.550000
 0.550000 0.050000 0.050000 0.050000 0.550000 0.050000 0.050000 0.050000 0.550000 4.500000

DIFFERENCE MATRIX : DELTA = REAL - REFERENCE
------------------------------
 -0.632500 0.111000 -0.016900 -0.013200 -0.022800 -0.096200 -0.048000 -0.042500 -0.023400 0.059900
 0.111000 -0.502200 0.146800 -0.014400 -0.013200 -0.047100 -0.087400 -0.048300 -0.045600 -0.019800
 -0.016900 0.146800 -0.526100 0.146800 -0.016900 -0.040700 -0.047300 -0.095200 -0.048000 -0.020200
 -0.013200 -0.014400 0.146800 -0.502200 0.111000 -0.019200 -0.030600 -0.047900 -0.095600 -0.019800
 -0.022800 -0.013200 -0.016900 0.111000 -0.632500 0.039500 -0.017100 -0.033700 -0.023400 0.059900
 -0.096200 -0.047100 -0.040700 -0.019200 0.039500 -0.519000 0.239500 -0.017100 -0.025600 -0.022800
 -0.048000 -0.087400 -0.047300 -0.030600 -0.017100 0.239500 -0.519000 0.039500 -0.022800 -0.025600
 -0.042500 -0.048300 -0.095200 -0.047900 -0.033700 -0.017100 0.039500 -0.632500 0.059900 -0.023400
 -0.023400 -0.045600 -0.048000 -0.095600 -0.023400 -0.025600 -0.022800 0.059900 -0.598700 0.059800
 0.059900 -0.019800 -0.020200 -0.019800 0.059900 -0.022800 -0.025600 -0.023400 0.059800 -0.598700

DISTANCES AND CONTRIBUTIONS
------------------------------
 Frobenius distance (full) : 1.910619
 Diagonal contribution     : 1.799157
 Off-diagonal contribution : 0.643039
 RMS matricielle           : 0.191062
 RMS hors diagonale        : 0.067782
 Final rank                : 4

Q WEIGHTED ANALYSIS
------------------------------
 Q Frobenius offdiag       : 0.397065
 Q RMS offdiag             : 0.041854

CHARGE TRANSFER ANALYSIS
------------------------------
 N_ref cycle               : 60.000000
 Population real (sum LDM) : 54.920400
 CT absolute               : -5.079600
 CT relative (%)           : -8.466000

AROMATIC HOMOGENEITY INDEX
------------------------------
 Number of unique pairs    : 45
 S_cycle_hom               : 0.226722

HOMOGENEITY ANALYSIS BY ORBIT
------------------------------
 Orbit       n pairs          S_orb          sigma            H_k
 ----------------------------------------------------------------------
 ortho            10       0.917043       0.068331       0.930654
 meta             10       0.075598       0.006884       0.916544
 para             10       0.062755       0.028846       0.685092
 d4               10       0.033319       0.028722       0.537048
 d5                5       0.197850       0.336551       0.370227

DETAIL OF x_ij = LDM_ij * r_ij BY ORBIT
------------------------------
 Orbit      Pair                     x_ij
 -------------------------------------------------
 ortho      (7, 8)               0.927178
 ortho      (7, 16)              0.869992
 ortho      (8, 9)               0.969946
 ortho      (9, 10)              0.969946
 ortho      (10, 11)             0.927178
 ortho      (11, 12)             0.846944
 ortho      (12, 13)             1.073081
 ortho      (13, 14)             0.846944
 ortho      (14, 15)             0.869992
 ortho      (15, 16)             0.869236
 meta       (7, 9)               0.080406
 meta       (7, 15)              0.065717
 meta       (8, 10)              0.086091
 meta       (8, 16)              0.073627
 meta       (9, 11)              0.080406
 meta       (10, 12)             0.076636
 meta       (11, 13)             0.080211
 meta       (12, 14)             0.080211
 meta       (13, 15)             0.066955
 meta       (14, 16)             0.065717
 para       (7, 10)              0.103684
 para       (7, 14)              0.028307
 para       (8, 11)              0.103684
 para       (8, 15)              0.016470
 para       (9, 12)              0.034949
 para       (9, 16)              0.083638
 para       (10, 13)             0.072285
 para       (11, 14)             0.046529
 para       (12, 15)             0.069000
 para       (13, 16)             0.069000
 d4         (7, 11)              0.067159
 d4         (7, 13)              0.008509
 d4         (8, 12)              0.012336
 d4         (8, 14)              0.008344
 d4         (9, 13)              0.013141
 d4         (9, 15)              0.008464
 d4         (10, 14)             0.008940
 d4         (10, 16)             0.073627
 d4         (11, 15)             0.065717
 d4         (12, 16)             0.066955
 d5         (7, 12)              0.014329
 d5         (8, 13)              0.063985
 d5         (9, 14)              0.024472
 d5         (10, 15)             0.016470
 d5         (11, 16)             0.869992

 Corrected orbit-homogeneity index (S_hom) : 0.226722

ORBIT SUMMARY
------------------------------
 Orbit       n pairs     Ref. val    Mean real     Contrib.
 --------------------------------------------------------------
 ortho            10     0.550000     0.651370     0.372794
 meta             10     0.050000     0.030900     0.061148
 para             10     0.050000     0.020910     0.098394
 d4               10     0.050000     0.012460     0.125181
 d5                5     0.100000     0.127100     0.196681

ORBIT HOMOGENEITY SUMMARY
------------------------------
 Orbit       n pairs        S_orb        sigma            H
 ------------------------------------------------------------
 ortho            10     0.917043     0.068331     0.930654
 meta             10     0.075598     0.006884     0.916544
 para             10     0.062755     0.028846     0.685092
 d4               10     0.033319     0.028722     0.537048
 d5                5     0.197850     0.336551     0.370227

DETAILED ORBIT PAIR TABLE
------------------------------
 Orbit      Pair                   Real    Reference   Difference
 ----------------------------------------------------------------
 ortho      (7, 8)             0.661000     0.550000     0.111000
 ortho      (7, 16)            0.609900     0.550000     0.059900
 ortho      (8, 9)             0.696800     0.550000     0.146800
 ortho      (9, 10)            0.696800     0.550000     0.146800
 ortho      (10, 11)           0.661000     0.550000     0.111000
 ortho      (11, 12)           0.589500     0.550000     0.039500
 ortho      (12, 13)           0.789500     0.550000     0.239500
 ortho      (13, 14)           0.589500     0.550000     0.039500
 ortho      (14, 15)           0.609900     0.550000     0.059900
 ortho      (15, 16)           0.609800     0.550000     0.059800
 meta       (7, 9)             0.033100     0.050000    -0.016900
 meta       (7, 15)            0.026600     0.050000    -0.023400
 meta       (8, 10)            0.035600     0.050000    -0.014400
 meta       (8, 16)            0.030200     0.050000    -0.019800
 meta       (9, 11)            0.033100     0.050000    -0.016900
 meta       (10, 12)           0.030800     0.050000    -0.019200
 meta       (11, 13)           0.032900     0.050000    -0.017100
 meta       (12, 14)           0.032900     0.050000    -0.017100
 meta       (13, 15)           0.027200     0.050000    -0.022800
 meta       (14, 16)           0.026600     0.050000    -0.023400
 para       (7, 10)            0.036800     0.050000    -0.013200
 para       (7, 14)            0.007500     0.050000    -0.042500
 para       (8, 11)            0.036800     0.050000    -0.013200
 para       (8, 15)            0.004400     0.050000    -0.045600
 para       (9, 12)            0.009300     0.050000    -0.040700
 para       (9, 16)            0.029800     0.050000    -0.020200
 para       (10, 13)           0.019400     0.050000    -0.030600
 para       (11, 14)           0.016300     0.050000    -0.033700
 para       (12, 15)           0.024400     0.050000    -0.025600
 para       (13, 16)           0.024400     0.050000    -0.025600
 d4         (7, 11)            0.027200     0.050000    -0.022800
 d4         (7, 13)            0.002000     0.050000    -0.048000
 d4         (8, 12)            0.002900     0.050000    -0.047100
 d4         (8, 14)            0.001700     0.050000    -0.048300
 d4         (9, 13)            0.002700     0.050000    -0.047300
 d4         (9, 15)            0.002000     0.050000    -0.048000
 d4         (10, 14)           0.002100     0.050000    -0.047900
 d4         (10, 16)           0.030200     0.050000    -0.019800
 d4         (11, 15)           0.026600     0.050000    -0.023400
 d4         (12, 16)           0.027200     0.050000    -0.022800
 d5         (7, 12)            0.003800     0.100000    -0.096200
 d5         (8, 13)            0.012600     0.100000    -0.087400
 d5         (9, 14)            0.004800     0.100000    -0.095200
 d5         (10, 15)           0.004400     0.100000    -0.095600
 ortho      (11, 16)           0.609900     0.550000     0.059900

===============================================================
 Cycle number        : 7
 Cycle type          : PERIPHERAL
 Cycle size          : 10
 Cycle indices       : [4, 5, 6, 7, 8, 9, 10, 11, 16, 15]
 N_A per site (Z)    : [6, 6, 6, 6, 6, 6, 6, 6, 6, 6]
 Cycle status        : TRAITE
 Cycle origin        : AUTO
 N_pi reference      : 5
 Number of orbits    : 5
 Lambda              : 4.500000
 Symmetric submatrix : True
 Max asymmetry       : 0.000000e+00

REAL LDM SUBMATRIX
------------------------------
 3.867500 0.589500 0.032900 0.016300 0.002100 0.004800 0.001700 0.007500 0.026600 0.609900
 0.589500 3.981000 0.789500 0.032900 0.019400 0.002700 0.012600 0.002000 0.024400 0.027200
 0.032900 0.789500 3.981000 0.589500 0.030800 0.009300 0.002900 0.003800 0.027200 0.024400
 0.016300 0.032900 0.589500 3.867500 0.661000 0.033100 0.036800 0.027200 0.609900 0.026600
 0.002100 0.019400 0.030800 0.661000 3.997800 0.696800 0.035600 0.036800 0.030200 0.004400
 0.004800 0.002700 0.009300 0.033100 0.696800 3.973900 0.696800 0.033100 0.029800 0.002000
 0.001700 0.012600 0.002900 0.036800 0.035600 0.696800 3.997800 0.661000 0.030200 0.004400
 0.007500 0.002000 0.003800 0.027200 0.036800 0.033100 0.661000 3.867500 0.609900 0.026600
