===============================================================
                    AroX.v0.3.1 REPORT
===============================================================
 Program name        : AroX.v0.3.1
 Input geometry file : Triphenylene_6-311+Gdp_rho_dist.dat
 Geometry input type : DIST
 Input LDM file      : Triphenylene_6-311+Gdp_rho_ldm.dat
 Output file         : Triphenylene_6-311+Gdp_rho_dist.arx
 Shared cycles       : AUTO cycles + optional free MANUAL cycles + generated FUSED cycles
 Manual cycle rule   : accepted even without contour connectivity
 Fused cycle rule    : generated by symmetric difference of auto/manual cycle edges
===============================================================

===============================================================
                 SHARED PRELIMINARY CYCLE ANALYSIS
===============================================================
 Détection automatique des carbones
 ------------------------------
 Atome   1 | C | voisins = 3 | type = sp2     | rayon = 0.73 Å
 Atome   2 | C | voisins = 3 | type = sp2     | rayon = 0.73 Å
 Atome   3 | C | voisins = 3 | type = sp2     | rayon = 0.73 Å
 Atome   4 | C | voisins = 3 | type = sp2     | rayon = 0.73 Å
 Atome   5 | C | voisins = 3 | type = sp2     | rayon = 0.73 Å
 Atome   6 | C | voisins = 3 | type = sp2     | rayon = 0.73 Å
 Atome   7 | C | voisins = 3 | type = sp2     | rayon = 0.73 Å
 Atome   8 | C | voisins = 3 | type = sp2     | rayon = 0.73 Å
 Atome   9 | C | voisins = 3 | type = sp2     | rayon = 0.73 Å
 Atome  10 | C | voisins = 3 | type = sp2     | rayon = 0.73 Å
 Atome  11 | C | voisins = 3 | type = sp2     | rayon = 0.73 Å
 Atome  12 | C | voisins = 3 | type = sp2     | rayon = 0.73 Å
 Atome  13 | C | voisins = 3 | type = sp2     | rayon = 0.73 Å
 Atome  14 | C | voisins = 3 | type = sp2     | rayon = 0.73 Å
 Atome  15 | C | voisins = 3 | type = sp2     | rayon = 0.73 Å
 Atome  16 | C | voisins = 3 | type = sp2     | rayon = 0.73 Å
 Atome  17 | C | voisins = 3 | type = sp2     | rayon = 0.73 Å
 Atome  18 | C | voisins = 3 | type = sp2     | rayon = 0.73 Å

 Connectivité détectée
 ------------------------------
 Atome   1 -> voisins : [2, 6, 18]
 Atome   2 -> voisins : [1, 3, 19]
 Atome   3 -> voisins : [2, 4, 20]
 Atome   4 -> voisins : [3, 5, 21]
 Atome   5 -> voisins : [4, 6, 22]
 Atome   6 -> voisins : [1, 5, 7]
 Atome   7 -> voisins : [6, 8, 12]
 Atome   8 -> voisins : [7, 9, 23]
 Atome   9 -> voisins : [8, 10, 24]
 Atome  10 -> voisins : [9, 11, 25]
 Atome  11 -> voisins : [10, 12, 26]
 Atome  12 -> voisins : [7, 11, 13]
 Atome  13 -> voisins : [12, 14, 18]
 Atome  14 -> voisins : [13, 15, 27]
 Atome  15 -> voisins : [14, 16, 28]
 Atome  16 -> voisins : [15, 17, 29]
 Atome  17 -> voisins : [16, 18, 30]
 Atome  18 -> voisins : [1, 13, 17]
 Atome  19 -> voisins : [2]
 Atome  20 -> voisins : [3]
 Atome  21 -> voisins : [4]
 Atome  22 -> voisins : [5]
 Atome  23 -> voisins : [8]
 Atome  24 -> voisins : [9]
 Atome  25 -> voisins : [10]
 Atome  26 -> voisins : [11]
 Atome  27 -> voisins : [14]
 Atome  28 -> voisins : [15]
 Atome  29 -> voisins : [16]
 Atome  30 -> voisins : [17]

 Cycles détectés automatiquement
 ------------------------------
 Cycle  1 | type = ELEMENTAIRE   | taille = 6  | indices = [1, 2, 3, 4, 5, 6] | origine = AUTO        | cordes = 0  | statut = TRAITE
 Cycle  2 | type = ELEMENTAIRE   | taille = 6  | indices = [1, 6, 7, 12, 13, 18] | origine = AUTO        | cordes = 0  | statut = TRAITE
 Cycle  3 | type = ELEMENTAIRE   | taille = 6  | indices = [7, 8, 9, 10, 11, 12] | origine = AUTO        | cordes = 0  | statut = TRAITE
 Cycle  4 | type = ELEMENTAIRE   | taille = 6  | indices = [13, 14, 15, 16, 17, 18] | origine = AUTO        | cordes = 0  | statut = TRAITE
 Cycle  5 | type = PERIPHERAL    | taille = 10 | indices = [1, 2, 3, 4, 5, 6, 7, 12, 13, 18] | origine = AUTO        | cordes = 1  | statut = TRAITE
 Cycle  6 | type = PERIPHERAL    | taille = 10 | indices = [1, 6, 7, 8, 9, 10, 11, 12, 13, 18] | origine = AUTO        | cordes = 1  | statut = TRAITE
 Cycle  7 | type = PERIPHERAL    | taille = 10 | indices = [1, 6, 7, 12, 13, 14, 15, 16, 17, 18] | origine = AUTO        | cordes = 1  | statut = TRAITE
 Cycle  8 | type = PERIPHERAL    | taille = 14 | indices = [1, 2, 3, 4, 5, 6, 7, 8, 9, 10, 11, 12, 13, 18] | origine = AUTO        | cordes = 2  | statut = TRAITE
 Cycle  9 | type = PERIPHERAL    | taille = 14 | indices = [1, 2, 3, 4, 5, 6, 7, 12, 13, 14, 15, 16, 17, 18] | origine = AUTO        | cordes = 2  | statut = TRAITE
 Cycle 10 | type = PERIPHERAL    | taille = 14 | indices = [1, 6, 7, 8, 9, 10, 11, 12, 13, 14, 15, 16, 17, 18] | origine = AUTO        | cordes = 2  | statut = TRAITE
 Cycle 11 | type = PERIPHERAL    | taille = 18 | indices = [1, 2, 3, 4, 5, 6, 7, 8, 9, 10, 11, 12, 13, 14, 15, 16, 17, 18] | origine = AUTO        | cordes = 3  | statut = TRAITE


===============================================================
                 LDM DETAILED ANALYSIS
===============================================================
 Reference type      : EG
 epsilon_O           : 0.583333
 epsilon_P           : 0.166667
 epsilon_M           : 0.083333
 N_A (default C)     : 6.000000
 N_A per site        : Z of each atom in the cycle (auto from geometry)
 lambda (benzene EG) : 4.500000
 lambda formula      : lambda_k = Z_k - sum(off-diagonal row k)
===============================================================

===============================================================
 Cycle number        : 1
 Cycle type          : ELEMENTAIRE
 Cycle size          : 6
 Cycle indices       : [1, 2, 3, 4, 5, 6]
 N_A per site (Z)    : [6, 6, 6, 6, 6, 6]
 Cycle status        : TRAITE
 Cycle origin        : AUTO
 N_pi reference      : 3
 Number of orbits    : 3
 Lambda              : 4.500000
 Symmetric submatrix : True
 Max asymmetry       : 0.000000e+00

REAL LDM SUBMATRIX
------------------------------
 3.903900 0.650700 0.034300 0.038900 0.031500 0.640200
 0.650700 3.959600 0.721000 0.035900 0.049300 0.031700
 0.034300 0.721000 3.983500 0.668200 0.036300 0.039200
 0.038900 0.035900 0.668200 3.974000 0.720900 0.033900
 0.031500 0.049300 0.036300 0.720900 3.970900 0.651100
 0.640200 0.031700 0.039200 0.033900 0.651100 3.900800

REFERENCE MATRIX (6x6)
------------------------------
 4.500000 0.583333 0.083333 0.166667 0.083333 0.583333
 0.583333 4.500000 0.583333 0.083333 0.166667 0.083333
 0.083333 0.583333 4.500000 0.583333 0.083333 0.166667
 0.166667 0.083333 0.583333 4.500000 0.583333 0.083333
 0.083333 0.166667 0.083333 0.583333 4.500000 0.583333
 0.583333 0.083333 0.166667 0.083333 0.583333 4.500000

DIFFERENCE MATRIX : DELTA = REAL - REFERENCE
------------------------------
 -0.596100 0.067367 -0.049033 -0.127767 -0.051833 0.056867
 0.067367 -0.540400 0.137667 -0.047433 -0.117367 -0.051633
 -0.049033 0.137667 -0.516500 0.084867 -0.047033 -0.127467
 -0.127767 -0.047433 0.084867 -0.526000 0.137567 -0.049433
 -0.051833 -0.117367 -0.047033 0.137567 -0.529100 0.067767
 0.056867 -0.051633 -0.127467 -0.049433 0.067767 -0.599200

DISTANCES AND CONTRIBUTIONS
------------------------------
 Frobenius distance (full) : 1.437605
 Diagonal contribution     : 1.352702
 Off-diagonal contribution : 0.486730
 RMS matricielle           : 0.239601
 RMS hors diagonale        : 0.088864
 Final rank                : 1

Q WEIGHTED ANALYSIS
------------------------------
 Q Frobenius offdiag       : 0.276084
 Q RMS offdiag             : 0.050406

CHARGE TRANSFER ANALYSIS
------------------------------
 N_ref cycle               : 36.000000
 Population real (sum LDM) : 32.458900
 CT absolute               : -3.541100
 CT relative (%)           : -9.836389

AROMATIC HOMOGENEITY INDEX
------------------------------
 Number of unique pairs    : 15
 S_cycle_hom               : 0.416936

HOMOGENEITY ANALYSIS BY ORBIT
------------------------------
 Orbit       n pairs          S_orb          sigma            H_k
 ----------------------------------------------------------------------
 ortho             6       0.945381       0.036571       0.962757
 meta              6       0.082289       0.004129       0.952224
 para              3       0.118817       0.012363       0.905755

DETAIL OF x_ij = LDM_ij * r_ij BY ORBIT
------------------------------
 Orbit      Pair                     x_ij
 -------------------------------------------------
 ortho      (1, 2)               0.918480
 ortho      (1, 6)               0.908030
 ortho      (2, 3)               0.995963
 ortho      (3, 4)               0.934943
 ortho      (4, 5)               0.995825
 ortho      (5, 6)               0.919045
 meta       (1, 3)               0.083749
 meta       (1, 5)               0.076601
 meta       (2, 4)               0.086283
 meta       (2, 6)               0.077087
 meta       (3, 5)               0.087244
 meta       (4, 6)               0.082771
 para       (1, 4)               0.109656
 para       (2, 5)               0.136294
 para       (3, 6)               0.110500

 Corrected orbit-homogeneity index (S_hom) : 0.416936

ORBIT SUMMARY
------------------------------
 Orbit       n pairs     Ref. val    Mean real     Contrib.
 --------------------------------------------------------------
 ortho             6     0.583333     0.675350     0.239674
 meta              6     0.083333     0.033933     0.121090
 para              3     0.166667     0.042467     0.215284

ORBIT HOMOGENEITY SUMMARY
------------------------------
 Orbit       n pairs        S_orb        sigma            H
 ------------------------------------------------------------
 ortho             6     0.945381     0.036571     0.962757
 meta              6     0.082289     0.004129     0.952224
 para              3     0.118817     0.012363     0.905755

DETAILED ORBIT PAIR TABLE
------------------------------
 Orbit      Pair                   Real    Reference   Difference
 ----------------------------------------------------------------
 ortho      (1, 2)             0.650700     0.583333     0.067367
 ortho      (1, 6)             0.640200     0.583333     0.056867
 ortho      (2, 3)             0.721000     0.583333     0.137667
 ortho      (3, 4)             0.668200     0.583333     0.084867
 ortho      (4, 5)             0.720900     0.583333     0.137567
 ortho      (5, 6)             0.651100     0.583333     0.067767
 meta       (1, 3)             0.034300     0.083333    -0.049033
 meta       (1, 5)             0.031500     0.083333    -0.051833
 meta       (2, 4)             0.035900     0.083333    -0.047433
 meta       (2, 6)             0.031700     0.083333    -0.051633
 meta       (3, 5)             0.036300     0.083333    -0.047033
 meta       (4, 6)             0.033900     0.083333    -0.049433
 para       (1, 4)             0.038900     0.166667    -0.127767
 para       (2, 5)             0.049300     0.166667    -0.117367
 para       (3, 6)             0.039200     0.166667    -0.127467

===============================================================
 Cycle number        : 3
 Cycle type          : ELEMENTAIRE
 Cycle size          : 6
 Cycle indices       : [7, 8, 9, 10, 11, 12]
 N_A per site (Z)    : [6, 6, 6, 6, 6, 6]
 Cycle status        : TRAITE
 Cycle origin        : AUTO
 N_pi reference      : 3
 Number of orbits    : 3
 Lambda              : 4.500000
 Symmetric submatrix : True
 Max asymmetry       : 0.000000e+00

REAL LDM SUBMATRIX
------------------------------
 3.895000 0.650900 0.034000 0.039000 0.031900 0.639900
 0.650900 3.972800 0.720800 0.036100 0.049500 0.031600
 0.034000 0.720800 3.975400 0.667900 0.036200 0.038900
 0.039000 0.036100 0.667900 3.978500 0.721200 0.033700
 0.031900 0.049500 0.036200 0.721200 3.973300 0.650900
 0.639900 0.031600 0.038900 0.033700 0.650900 3.890700

REFERENCE MATRIX (6x6)
------------------------------
 4.500000 0.583333 0.083333 0.166667 0.083333 0.583333
 0.583333 4.500000 0.583333 0.083333 0.166667 0.083333
 0.083333 0.583333 4.500000 0.583333 0.083333 0.166667
 0.166667 0.083333 0.583333 4.500000 0.583333 0.083333
 0.083333 0.166667 0.083333 0.583333 4.500000 0.583333
 0.583333 0.083333 0.166667 0.083333 0.583333 4.500000

DIFFERENCE MATRIX : DELTA = REAL - REFERENCE
------------------------------
 -0.605000 0.067567 -0.049333 -0.127667 -0.051433 0.056567
 0.067567 -0.527200 0.137467 -0.047233 -0.117167 -0.051733
 -0.049333 0.137467 -0.524600 0.084567 -0.047133 -0.127767
 -0.127667 -0.047233 0.084567 -0.521500 0.137867 -0.049633
 -0.051433 -0.117167 -0.047133 0.137867 -0.526700 0.067567
 0.056567 -0.051733 -0.127767 -0.049633 0.067567 -0.609300

DISTANCES AND CONTRIBUTIONS
------------------------------
 Frobenius distance (full) : 1.441044
 Diagonal contribution     : 1.356389
 Off-diagonal contribution : 0.486639
 RMS matricielle           : 0.240174
 RMS hors diagonale        : 0.088848
 Final rank                : 2

Q WEIGHTED ANALYSIS
------------------------------
 Q Frobenius offdiag       : 0.275985
 Q RMS offdiag             : 0.050388

CHARGE TRANSFER ANALYSIS
------------------------------
 N_ref cycle               : 36.000000
 Population real (sum LDM) : 32.450700
 CT absolute               : -3.549300
 CT relative (%)           : -9.859167

AROMATIC HOMOGENEITY INDEX
------------------------------
 Number of unique pairs    : 15
 S_cycle_hom               : 0.416826

HOMOGENEITY ANALYSIS BY ORBIT
------------------------------
 Orbit       n pairs          S_orb          sigma            H_k
 ----------------------------------------------------------------------
 ortho             6       0.945275       0.036687       0.962639
 meta              6       0.082247       0.003972       0.953935
 para              3       0.118813       0.012752       0.903073

DETAIL OF x_ij = LDM_ij * r_ij BY ORBIT
------------------------------
 Orbit      Pair                     x_ij
 -------------------------------------------------
 ortho      (7, 8)               0.918797
 ortho      (7, 12)              0.907604
 ortho      (8, 9)               0.995687
 ortho      (9, 10)              0.934524
 ortho      (10, 11)             0.996239
 ortho      (11, 12)             0.918797
 meta       (7, 9)               0.083017
 meta       (7, 11)              0.077574
 meta       (8, 10)              0.086763
 meta       (8, 12)              0.076844
 meta       (9, 11)              0.087004
 meta       (10, 12)             0.082283
 para       (7, 10)              0.109938
 para       (8, 11)              0.136847
 para       (9, 12)              0.109654

 Corrected orbit-homogeneity index (S_hom) : 0.416826

ORBIT SUMMARY
------------------------------
 Orbit       n pairs     Ref. val    Mean real     Contrib.
 --------------------------------------------------------------
 ortho             6     0.583333     0.675267     0.239554
 meta              6     0.083333     0.033917     0.121126
 para              3     0.166667     0.042467     0.215293

ORBIT HOMOGENEITY SUMMARY
------------------------------
 Orbit       n pairs        S_orb        sigma            H
 ------------------------------------------------------------
 ortho             6     0.945275     0.036687     0.962639
 meta              6     0.082247     0.003972     0.953935
 para              3     0.118813     0.012752     0.903073

DETAILED ORBIT PAIR TABLE
------------------------------
 Orbit      Pair                   Real    Reference   Difference
 ----------------------------------------------------------------
 ortho      (7, 8)             0.650900     0.583333     0.067567
 ortho      (7, 12)            0.639900     0.583333     0.056567
 ortho      (8, 9)             0.720800     0.583333     0.137467
 ortho      (9, 10)            0.667900     0.583333     0.084567
 ortho      (10, 11)           0.721200     0.583333     0.137867
 ortho      (11, 12)           0.650900     0.583333     0.067567
 meta       (7, 9)             0.034000     0.083333    -0.049333
 meta       (7, 11)            0.031900     0.083333    -0.051433
 meta       (8, 10)            0.036100     0.083333    -0.047233
 meta       (8, 12)            0.031600     0.083333    -0.051733
 meta       (9, 11)            0.036200     0.083333    -0.047133
 meta       (10, 12)           0.033700     0.083333    -0.049633
 para       (7, 10)            0.039000     0.166667    -0.127667
 para       (8, 11)            0.049500     0.166667    -0.117167
 para       (9, 12)            0.038900     0.166667    -0.127767

===============================================================
 Cycle number        : 4
 Cycle type          : ELEMENTAIRE
 Cycle size          : 6
 Cycle indices       : [13, 14, 15, 16, 17, 18]
 N_A per site (Z)    : [6, 6, 6, 6, 6, 6]
 Cycle status        : TRAITE
 Cycle origin        : AUTO
 N_pi reference      : 3
 Number of orbits    : 3
 Lambda              : 4.500000
 Symmetric submatrix : True
 Max asymmetry       : 0.000000e+00

REAL LDM SUBMATRIX
------------------------------
 3.900300 0.651100 0.033800 0.038900 0.032300 0.639400
 0.651100 3.967600 0.721000 0.036200 0.049700 0.031600
 0.033800 0.721000 3.977300 0.667900 0.036300 0.038800
 0.038900 0.036200 0.667900 3.976400 0.721700 0.033200
 0.032300 0.049700 0.036300 0.721700 3.990100 0.650900
 0.639400 0.031600 0.038800 0.033200 0.650900 3.875900

REFERENCE MATRIX (6x6)
------------------------------
 4.500000 0.583333 0.083333 0.166667 0.083333 0.583333
 0.583333 4.500000 0.583333 0.083333 0.166667 0.083333
 0.083333 0.583333 4.500000 0.583333 0.083333 0.166667
 0.166667 0.083333 0.583333 4.500000 0.583333 0.083333
 0.083333 0.166667 0.083333 0.583333 4.500000 0.583333
 0.583333 0.083333 0.166667 0.083333 0.583333 4.500000

DIFFERENCE MATRIX : DELTA = REAL - REFERENCE
------------------------------
 -0.599700 0.067767 -0.049533 -0.127767 -0.051033 0.056067
 0.067767 -0.532400 0.137667 -0.047133 -0.116967 -0.051733
 -0.049533 0.137667 -0.522700 0.084567 -0.047033 -0.127867
 -0.127767 -0.047133 0.084567 -0.523600 0.138367 -0.050133
 -0.051033 -0.116967 -0.047033 0.138367 -0.509900 0.067567
 0.056067 -0.051733 -0.127867 -0.050133 0.067567 -0.624100

DISTANCES AND CONTRIBUTIONS
------------------------------
 Frobenius distance (full) : 1.441227
 Diagonal contribution     : 1.356452
 Off-diagonal contribution : 0.487005
 RMS matricielle           : 0.240204
 RMS hors diagonale        : 0.088914
 Final rank                : 3

Q WEIGHTED ANALYSIS
------------------------------
 Q Frobenius offdiag       : 0.276306
 Q RMS offdiag             : 0.050446

CHARGE TRANSFER ANALYSIS
------------------------------
 N_ref cycle               : 36.000000
 Population real (sum LDM) : 32.453200
 CT absolute               : -3.546800
 CT relative (%)           : -9.852222

AROMATIC HOMOGENEITY INDEX
------------------------------
 Number of unique pairs    : 15
 S_cycle_hom               : 0.416682

HOMOGENEITY ANALYSIS BY ORBIT
------------------------------
 Orbit       n pairs          S_orb          sigma            H_k
 ----------------------------------------------------------------------
 ortho             6       0.945359       0.037003       0.962333
 meta              6       0.082205       0.003915       0.954544
 para              3       0.118810       0.013145       0.900381

DETAIL OF x_ij = LDM_ij * r_ij BY ORBIT
------------------------------
 Orbit      Pair                     x_ij
 -------------------------------------------------
 ortho      (13, 14)             0.919045
 ortho      (13, 18)             0.906895
 ortho      (14, 15)             0.995963
 ortho      (15, 16)             0.934524
 ortho      (16, 17)             0.996930
 ortho      (17, 18)             0.918797
 meta       (13, 15)             0.082527
 meta       (13, 17)             0.078546
 meta       (14, 16)             0.087004
 meta       (14, 18)             0.076844
 meta       (15, 17)             0.087244
 meta       (16, 18)             0.081064
 para       (13, 16)             0.109656
 para       (14, 17)             0.137400
 para       (15, 18)             0.109374

 Corrected orbit-homogeneity index (S_hom) : 0.416682

ORBIT SUMMARY
------------------------------
 Orbit       n pairs     Ref. val    Mean real     Contrib.
 --------------------------------------------------------------
 ortho             6     0.583333     0.675333     0.239896
 meta              6     0.083333     0.033900     0.121167
 para              3     0.166667     0.042467     0.215303

ORBIT HOMOGENEITY SUMMARY
------------------------------
 Orbit       n pairs        S_orb        sigma            H
 ------------------------------------------------------------
 ortho             6     0.945359     0.037003     0.962333
 meta              6     0.082205     0.003915     0.954544
 para              3     0.118810     0.013145     0.900381

DETAILED ORBIT PAIR TABLE
------------------------------
 Orbit      Pair                   Real    Reference   Difference
 ----------------------------------------------------------------
 ortho      (13, 14)           0.651100     0.583333     0.067767
 ortho      (13, 18)           0.639400     0.583333     0.056067
 ortho      (14, 15)           0.721000     0.583333     0.137667
 ortho      (15, 16)           0.667900     0.583333     0.084567
 ortho      (16, 17)           0.721700     0.583333     0.138367
 ortho      (17, 18)           0.650900     0.583333     0.067567
 meta       (13, 15)           0.033800     0.083333    -0.049533
 meta       (13, 17)           0.032300     0.083333    -0.051033
 meta       (14, 16)           0.036200     0.083333    -0.047133
 meta       (14, 18)           0.031600     0.083333    -0.051733
 meta       (15, 17)           0.036300     0.083333    -0.047033
 meta       (16, 18)           0.033200     0.083333    -0.050133
 para       (13, 16)           0.038900     0.166667    -0.127767
 para       (14, 17)           0.049700     0.166667    -0.116967
 para       (15, 18)           0.038800     0.166667    -0.127867

===============================================================
 Cycle number        : 2
 Cycle type          : ELEMENTAIRE
 Cycle size          : 6
 Cycle indices       : [1, 6, 7, 12, 13, 18]
 N_A per site (Z)    : [6, 6, 6, 6, 6, 6]
 Cycle status        : TRAITE
 Cycle origin        : AUTO
 N_pi reference      : 3
 Number of orbits    : 3
 Lambda              : 4.500000
 Symmetric submatrix : True
 Max asymmetry       : 0.000000e+00

REAL LDM SUBMATRIX
------------------------------
 3.903900 0.640200 0.025400 0.013900 0.025500 0.553900
 0.640200 3.900800 0.554000 0.025400 0.014000 0.025300
 0.025400 0.554000 3.895000 0.639900 0.025500 0.013900
 0.013900 0.025400 0.639900 3.890700 0.554200 0.025300
 0.025500 0.014000 0.025500 0.554200 3.900300 0.639400
 0.553900 0.025300 0.013900 0.025300 0.639400 3.875900

REFERENCE MATRIX (6x6)
------------------------------
 4.500000 0.583333 0.083333 0.166667 0.083333 0.583333
 0.583333 4.500000 0.583333 0.083333 0.166667 0.083333
 0.083333 0.583333 4.500000 0.583333 0.083333 0.166667
 0.166667 0.083333 0.583333 4.500000 0.583333 0.083333
 0.083333 0.166667 0.083333 0.583333 4.500000 0.583333
 0.583333 0.083333 0.166667 0.083333 0.583333 4.500000

DIFFERENCE MATRIX : DELTA = REAL - REFERENCE
------------------------------
 -0.596100 0.056867 -0.057933 -0.152767 -0.057833 -0.029433
 0.056867 -0.599200 -0.029333 -0.057933 -0.152667 -0.058033
 -0.057933 -0.029333 -0.605000 0.056567 -0.057833 -0.152767
 -0.152767 -0.057933 0.056567 -0.609300 -0.029133 -0.058033
 -0.057833 -0.152667 -0.057833 -0.029133 -0.599700 0.056067
 -0.029433 -0.058033 -0.152767 -0.058033 0.056067 -0.624100

DISTANCES AND CONTRIBUTIONS
------------------------------
 Frobenius distance (full) : 1.550914
 Diagonal contribution     : 1.483505
 Off-diagonal contribution : 0.452267
 RMS matricielle           : 0.258486
 RMS hors diagonale        : 0.082572
 Final rank                : 4

Q WEIGHTED ANALYSIS
------------------------------
 Q Frobenius offdiag       : 0.187579
 Q RMS offdiag             : 0.034247

CHARGE TRANSFER ANALYSIS
------------------------------
 N_ref cycle               : 36.000000
 Population real (sum LDM) : 30.918200
 CT absolute               : -5.081800
 CT relative (%)           : -14.116111

AROMATIC HOMOGENEITY INDEX
------------------------------
 Number of unique pairs    : 15
 S_cycle_hom               : 0.359308

HOMOGENEITY ANALYSIS BY ORBIT
------------------------------
 Orbit       n pairs          S_orb          sigma            H_k
 ----------------------------------------------------------------------
 ortho             6       0.860002       0.047509       0.947649
 meta              6       0.063462       0.000204       0.996800
 para              3       0.040196       0.000136       0.996632

DETAIL OF x_ij = LDM_ij * r_ij BY ORBIT
------------------------------
 Orbit      Pair                     x_ij
 -------------------------------------------------
 ortho      (1, 6)               0.908030
 ortho      (1, 18)              0.812299
 ortho      (6, 7)               0.812446
 ortho      (7, 12)              0.907604
 ortho      (12, 13)             0.812739
 ortho      (13, 18)             0.906895
 meta       (1, 7)               0.063462
 meta       (1, 13)              0.063711
 meta       (6, 12)              0.063461
 meta       (6, 18)              0.063212
 meta       (7, 13)              0.063712
 meta       (12, 18)             0.063212
 para       (1, 12)              0.040100
 para       (6, 13)              0.040388
 para       (7, 18)              0.040100

 Corrected orbit-homogeneity index (S_hom) : 0.359308

ORBIT SUMMARY
------------------------------
 Orbit       n pairs     Ref. val    Mean real     Contrib.
 --------------------------------------------------------------
 ortho             6     0.583333     0.596933     0.110239
 meta              6     0.083333     0.025400     0.141907
 para              3     0.166667     0.013933     0.264542

ORBIT HOMOGENEITY SUMMARY
------------------------------
 Orbit       n pairs        S_orb        sigma            H
 ------------------------------------------------------------
 ortho             6     0.860002     0.047509     0.947649
 meta              6     0.063462     0.000204     0.996800
 para              3     0.040196     0.000136     0.996632

DETAILED ORBIT PAIR TABLE
------------------------------
 Orbit      Pair                   Real    Reference   Difference
 ----------------------------------------------------------------
 ortho      (1, 6)             0.640200     0.583333     0.056867
 ortho      (1, 18)            0.553900     0.583333    -0.029433
 ortho      (6, 7)             0.554000     0.583333    -0.029333
 ortho      (7, 12)            0.639900     0.583333     0.056567
 ortho      (12, 13)           0.554200     0.583333    -0.029133
 ortho      (13, 18)           0.639400     0.583333     0.056067
 meta       (1, 7)             0.025400     0.083333    -0.057933
 meta       (1, 13)            0.025500     0.083333    -0.057833
 meta       (6, 12)            0.025400     0.083333    -0.057933
 meta       (6, 18)            0.025300     0.083333    -0.058033
 meta       (7, 13)            0.025500     0.083333    -0.057833
 meta       (12, 18)           0.025300     0.083333    -0.058033
 para       (1, 12)            0.013900     0.166667    -0.152767
 para       (6, 13)            0.014000     0.166667    -0.152667
 para       (7, 18)            0.013900     0.166667    -0.152767

===============================================================
 Cycle number        : 7
 Cycle type          : PERIPHERAL
 Cycle size          : 10
 Cycle indices       : [1, 6, 7, 12, 13, 14, 15, 16, 17, 18]
 N_A per site (Z)    : [6, 6, 6, 6, 6, 6, 6, 6, 6, 6]
 Cycle status        : TRAITE
 Cycle origin        : AUTO
 N_pi reference      : 5
 Number of orbits    : 5
 Lambda              : 4.500000
 Symmetric submatrix : True
 Max asymmetry       : 0.000000e+00

REAL LDM SUBMATRIX
------------------------------
 3.903900 0.640200 0.025400 0.013900 0.025500 0.003900 0.002500 0.007600 0.026700 0.553900
 0.640200 3.900800 0.554000 0.025400 0.014000 0.001200 0.005200 0.001500 0.009200 0.025300
 0.025400 0.554000 3.895000 0.639900 0.025500 0.009100 0.001500 0.005200 0.001200 0.013900
 0.013900 0.025400 0.639900 3.890700 0.554200 0.026100 0.007600 0.002500 0.004000 0.025300
 0.025500 0.014000 0.025500 0.554200 3.900300 0.651100 0.033800 0.038900 0.032300 0.639400
 0.003900 0.001200 0.009100 0.026100 0.651100 3.967600 0.721000 0.036200 0.049700 0.031600
 0.002500 0.005200 0.001500 0.007600 0.033800 0.721000 3.977300 0.667900 0.036300 0.038800
 0.007600 0.001500 0.005200 0.002500 0.038900 0.036200 0.667900 3.976400 0.721700 0.033200
 0.026700 0.009200 0.001200 0.004000 0.032300 0.049700 0.036300 0.721700 3.990100 0.650900
 0.553900 0.025300 0.013900 0.025300 0.639400 0.031600 0.038800 0.033200 0.650900 3.875900

REFERENCE MATRIX (10x10)
------------------------------
 4.500000 0.550000 0.050000 0.050000 0.050000 0.100000 0.050000 0.050000 0.050000 0.550000
 0.550000 4.500000 0.550000 0.050000 0.050000 0.050000 0.100000 0.050000 0.050000 0.050000
 0.050000 0.550000 4.500000 0.550000 0.050000 0.050000 0.050000 0.100000 0.050000 0.050000
 0.050000 0.050000 0.550000 4.500000 0.550000 0.050000 0.050000 0.050000 0.100000 0.050000
 0.050000 0.050000 0.050000 0.550000 4.500000 0.550000 0.050000 0.050000 0.050000 0.550000
 0.100000 0.050000 0.050000 0.050000 0.550000 4.500000 0.550000 0.050000 0.050000 0.050000
 0.050000 0.100000 0.050000 0.050000 0.050000 0.550000 4.500000 0.550000 0.050000 0.050000
 0.050000 0.050000 0.100000 0.050000 0.050000 0.050000 0.550000 4.500000 0.550000 0.050000
 0.050000 0.050000 0.050000 0.100000 0.050000 0.050000 0.050000 0.550000 4.500000 0.550000
 0.550000 0.050000 0.050000 0.050000 0.550000 0.050000 0.050000 0.050000 0.550000 4.500000

DIFFERENCE MATRIX : DELTA = REAL - REFERENCE
------------------------------
 -0.596100 0.090200 -0.024600 -0.036100 -0.024500 -0.096100 -0.047500 -0.042400 -0.023300 0.003900
 0.090200 -0.599200 0.004000 -0.024600 -0.036000 -0.048800 -0.094800 -0.048500 -0.040800 -0.024700
 -0.024600 0.004000 -0.605000 0.089900 -0.024500 -0.040900 -0.048500 -0.094800 -0.048800 -0.036100
 -0.036100 -0.024600 0.089900 -0.609300 0.004200 -0.023900 -0.042400 -0.047500 -0.096000 -0.024700
 -0.024500 -0.036000 -0.024500 0.004200 -0.599700 0.101100 -0.016200 -0.011100 -0.017700 0.089400
 -0.096100 -0.048800 -0.040900 -0.023900 0.101100 -0.532400 0.171000 -0.013800 -0.000300 -0.018400
 -0.047500 -0.094800 -0.048500 -0.042400 -0.016200 0.171000 -0.522700 0.117900 -0.013700 -0.011200
 -0.042400 -0.048500 -0.094800 -0.047500 -0.011100 -0.013800 0.117900 -0.523600 0.171700 -0.016800
 -0.023300 -0.040800 -0.048800 -0.096000 -0.017700 -0.000300 -0.013700 0.171700 -0.509900 0.100900
 0.003900 -0.024700 -0.036100 -0.024700 0.089400 -0.018400 -0.011200 -0.016800 0.100900 -0.624100

DISTANCES AND CONTRIBUTIONS
------------------------------
 Frobenius distance (full) : 1.913581
 Diagonal contribution     : 1.814279
 Off-diagonal contribution : 0.608429
 RMS matricielle           : 0.191358
 RMS hors diagonale        : 0.064134
 Final rank                : 5

Q WEIGHTED ANALYSIS
------------------------------
 Q Frobenius offdiag       : 0.360131
 Q RMS offdiag             : 0.037961

CHARGE TRANSFER ANALYSIS
------------------------------
 N_ref cycle               : 60.000000
 Population real (sum LDM) : 54.546400
 CT absolute               : -5.453600
 CT relative (%)           : -9.089333

AROMATIC HOMOGENEITY INDEX
------------------------------
 Number of unique pairs    : 45
 S_cycle_hom               : 0.220665

HOMOGENEITY ANALYSIS BY ORBIT
------------------------------
 Orbit       n pairs          S_orb          sigma            H_k
 ----------------------------------------------------------------------
 ortho            10       0.901838       0.066010       0.931798
 meta             10       0.072429       0.010032       0.878345
 para             10       0.060400       0.039113       0.606960
 d4               10       0.032887       0.031155       0.513524
 d5                5       0.198049       0.354462       0.358452

DETAIL OF x_ij = LDM_ij * r_ij BY ORBIT
------------------------------
 Orbit      Pair                     x_ij
 -------------------------------------------------
 ortho      (1, 6)               0.908030
 ortho      (1, 18)              0.812299
 ortho      (6, 7)               0.812446
 ortho      (7, 12)              0.907604
 ortho      (12, 13)             0.812739
 ortho      (13, 14)             0.919045
 ortho      (14, 15)             0.995963
 ortho      (15, 16)             0.934524
 ortho      (16, 17)             0.996930
 ortho      (17, 18)             0.918797
 meta       (1, 7)               0.063462
 meta       (1, 17)              0.067058
 meta       (6, 12)              0.063461
 meta       (6, 18)              0.063212
 meta       (7, 13)              0.063712
 meta       (12, 14)             0.065549
 meta       (13, 15)             0.082527
 meta       (14, 16)             0.087004
 meta       (15, 17)             0.087244
 meta       (16, 18)             0.081064
 para       (1, 12)              0.040100
 para       (1, 16)              0.028768
 para       (6, 13)              0.040388
 para       (6, 17)              0.034914
 para       (7, 14)              0.034534
 para       (7, 18)              0.040100
 para       (12, 15)             0.028768
 para       (13, 16)             0.109656
 para       (14, 17)             0.137400
 para       (15, 18)             0.109374
 d4         (1, 13)              0.063711
 d4         (1, 15)              0.010714
 d4         (6, 14)              0.005155
 d4         (6, 16)              0.007410
 d4         (7, 15)              0.007410
 d4         (7, 17)              0.005155
 d4         (12, 16)             0.010714
 d4         (12, 18)             0.063212
 d4         (13, 17)             0.078546
 d4         (14, 18)             0.076844
 d5         (1, 14)              0.014739
 d5         (6, 15)              0.026747
 d5         (7, 16)              0.026747
 d5         (12, 17)             0.015117
 d5         (13, 18)             0.906895

 Corrected orbit-homogeneity index (S_hom) : 0.220665

ORBIT SUMMARY
------------------------------
 Orbit       n pairs     Ref. val    Mean real     Contrib.
 --------------------------------------------------------------
 ortho            10     0.550000     0.635480     0.330592
 meta             10     0.050000     0.029390     0.066765
 para             10     0.050000     0.020270     0.105281
 d4               10     0.050000     0.012510     0.125865
 d5                5     0.100000     0.131540     0.210755

ORBIT HOMOGENEITY SUMMARY
------------------------------
 Orbit       n pairs        S_orb        sigma            H
 ------------------------------------------------------------
 ortho            10     0.901838     0.066010     0.931798
 meta             10     0.072429     0.010032     0.878345
 para             10     0.060400     0.039113     0.606960
 d4               10     0.032887     0.031155     0.513524
 d5                5     0.198049     0.354462     0.358452

DETAILED ORBIT PAIR TABLE
------------------------------
 Orbit      Pair                   Real    Reference   Difference
 ----------------------------------------------------------------
 ortho      (1, 6)             0.640200     0.550000     0.090200
 ortho      (1, 18)            0.553900     0.550000     0.003900
 ortho      (6, 7)             0.554000     0.550000     0.004000
 ortho      (7, 12)            0.639900     0.550000     0.089900
 ortho      (12, 13)           0.554200     0.550000     0.004200
 ortho      (13, 14)           0.651100     0.550000     0.101100
 ortho      (14, 15)           0.721000     0.550000     0.171000
 ortho      (15, 16)           0.667900     0.550000     0.117900
 ortho      (16, 17)           0.721700     0.550000     0.171700
 ortho      (17, 18)           0.650900     0.550000     0.100900
 meta       (1, 7)             0.025400     0.050000    -0.024600
 meta       (1, 17)            0.026700     0.050000    -0.023300
 meta       (6, 12)            0.025400     0.050000    -0.024600
 meta       (6, 18)            0.025300     0.050000    -0.024700
 meta       (7, 13)            0.025500     0.050000    -0.024500
 meta       (12, 14)           0.026100     0.050000    -0.023900
 meta       (13, 15)           0.033800     0.050000    -0.016200
 meta       (14, 16)           0.036200     0.050000    -0.013800
 meta       (15, 17)           0.036300     0.050000    -0.013700
 meta       (16, 18)           0.033200     0.050000    -0.016800
 para       (1, 12)            0.013900     0.050000    -0.036100
 para       (1, 16)            0.007600     0.050000    -0.042400
 para       (6, 13)            0.014000     0.050000    -0.036000
 para       (6, 17)            0.009200     0.050000    -0.040800
 para       (7, 14)            0.009100     0.050000    -0.040900
 para       (7, 18)            0.013900     0.050000    -0.036100
 para       (12, 15)           0.007600     0.050000    -0.042400
 para       (13, 16)           0.038900     0.050000    -0.011100
 para       (14, 17)           0.049700     0.050000    -0.000300
 para       (15, 18)           0.038800     0.050000    -0.011200
 d4         (1, 13)            0.025500     0.050000    -0.024500
 d4         (1, 15)            0.002500     0.050000    -0.047500
 d4         (6, 14)            0.001200     0.050000    -0.048800
 d4         (6, 16)            0.001500     0.050000    -0.048500
 d4         (7, 15)            0.001500     0.050000    -0.048500
 d4         (7, 17)            0.001200     0.050000    -0.048800
 d4         (12, 16)           0.002500     0.050000    -0.047500
 d4         (12, 18)           0.025300     0.050000    -0.024700
 d4         (13, 17)           0.032300     0.050000    -0.017700
 d4         (14, 18)           0.031600     0.050000    -0.018400
 d5         (1, 14)            0.003900     0.100000    -0.096100
 d5         (6, 15)            0.005200     0.100000    -0.094800
 d5         (7, 16)            0.005200     0.100000    -0.094800
 d5         (12, 17)           0.004000     0.100000    -0.096000
 ortho      (13, 18)           0.639400     0.550000     0.089400

===============================================================
 Cycle number        : 6
 Cycle type          : PERIPHERAL
 Cycle size          : 10
 Cycle indices       : [1, 6, 7, 8, 9, 10, 11, 12, 13, 18]
 N_A per site (Z)    : [6, 6, 6, 6, 6, 6, 6, 6, 6, 6]
 Cycle status        : TRAITE
 Cycle origin        : AUTO
 N_pi reference      : 5
 Number of orbits    : 5
 Lambda              : 4.500000
 Symmetric submatrix : True
 Max asymmetry       : 0.000000e+00

REAL LDM SUBMATRIX
------------------------------
 3.903900 0.640200 0.025400 0.009100 0.001500 0.005200 0.001200 0.013900 0.025500 0.553900
 0.640200 3.900800 0.554000 0.026300 0.007600 0.002500 0.003900 0.025400 0.014000 0.025300
 0.025400 0.554000 3.895000 0.650900 0.034000 0.039000 0.031900 0.639900 0.025500 0.013900
 0.009100 0.026300 0.650900 3.972800 0.720800 0.036100 0.049500 0.031600 0.004000 0.001200
 0.001500 0.007600 0.034000 0.720800 3.975400 0.667900 0.036200 0.038900 0.002500 0.005200
 0.005200 0.002500 0.039000 0.036100 0.667900 3.978500 0.721200 0.033700 0.007600 0.001500
 0.001200 0.003900 0.031900 0.049500 0.036200 0.721200 3.973300 0.650900 0.026300 0.009100
 0.013900 0.025400 0.639900 0.031600 0.038900 0.033700 0.650900 3.890700 0.554200 0.025300
 0.025500 0.014000 0.025500 0.004000 0.002500 0.007600 0.026300 0.554200 3.900300 0.639400
 0.553900 0.025300 0.013900 0.001200 0.005200 0.001500 0.009100 0.025300 0.639400 3.875900

REFERENCE MATRIX (10x10)
------------------------------
